MEME version 4

ALPHABET= ACGT

strands: + -

Background letter frequencies
A 0.25 C 0.25 G 0.25 T 0.25

MOTIF MA0002.1 MA0002.1.RUNX1
letter-probability matrix: alength= 4 w= 11 nsites= 26 E= 0
 0.384615  0.076923  0.115385  0.423077
 0.461538  0.076923  0.038462  0.423077
 0.153846  0.269231  0.038462  0.538462
 0.038462  0.038462  0.000000  0.923077
 0.076923  0.000000  0.884615  0.038462
 0.076923  0.307692  0.000000  0.615385
 0.000000  0.000000  1.000000  0.000000
 0.000000  0.000000  1.000000  0.000000
 0.000000  0.038462  0.000000  0.961538
 0.307692  0.076923  0.000000  0.615385
 0.500000  0.076923  0.153846  0.269231
URL http://jaspar.genereg.net/matrix/MA0002.1

MOTIF MA0003.1 MA0003.1.TFAP2A
letter-probability matrix: alength= 4 w= 9 nsites= 185 E= 0
 0.000000  0.000000  1.000000  0.000000
 0.000000  1.000000  0.000000  0.000000
 0.000000  1.000000  0.000000  0.000000
 0.118919  0.383784  0.248649  0.248649
 0.102703  0.308108  0.329730  0.259459
 0.297297  0.237838  0.362162  0.102703
 0.286486  0.162162  0.491892  0.059459
 0.102703  0.086486  0.740541  0.070270
 0.048649  0.421622  0.427027  0.102703
URL http://jaspar.genereg.net/matrix/MA0003.1

MOTIF MA0017.1 MA0017.1.NR2F1
letter-probability matrix: alength= 4 w= 14 nsites= 13 E= 0
 0.000000  0.000000  0.153846  0.846154
 0.076923  0.000000  0.923077  0.000000
 0.923077  0.000000  0.076923  0.000000
 0.461538  0.538462  0.000000  0.000000
 0.000000  1.000000  0.000000  0.000000
 0.000000  0.230769  0.000000  0.769231
 0.000000  0.153846  0.000000  0.846154
 0.076923  0.000000  0.000000  0.923077
 0.153846  0.000000  0.846154  0.000000
 0.461538  0.307692  0.230769  0.000000
 0.461538  0.384615  0.076923  0.076923
 0.076923  0.769231  0.076923  0.076923
 0.230769  0.461538  0.000000  0.307692
 0.000000  0.230769  0.230769  0.538462
URL http://jaspar.genereg.net/matrix/MA0017.1

MOTIF MA0018.1 MA0018.1.CREB1
letter-probability matrix: alength= 4 w= 12 nsites= 16 E= 0
 0.000000  0.437500  0.312500  0.250000
 0.187500  0.312500  0.250000  0.250000
 0.000000  0.187500  0.375000  0.437500
 0.125000  0.187500  0.687500  0.000000
 0.312500  0.062500  0.437500  0.187500
 0.000000  0.000000  0.000000  1.000000
 0.000000  0.000000  0.937500  0.062500
 1.000000  0.000000  0.000000  0.000000
 0.000000  1.000000  0.000000  0.000000
 0.000000  0.000000  1.000000  0.000000
 0.062500  0.312500  0.000000  0.625000
 0.312500  0.375000  0.187500  0.125000
URL http://jaspar.genereg.net/matrix/MA0018.1

MOTIF MA0024.1 MA0024.1.E2F1
letter-probability matrix: alength= 4 w= 8 nsites= 10 E= 0
 0.000000  0.000000  0.000000  1.000000
 0.000000  0.000000  0.000000  1.000000
 0.000000  0.000000  0.000000  1.000000
 0.000000  0.400000  0.600000  0.000000
 0.000000  0.200000  0.800000  0.000000
 0.000000  1.000000  0.000000  0.000000
 0.000000  0.000000  1.000000  0.000000
 0.000000  0.900000  0.100000  0.000000
URL http://jaspar.genereg.net/matrix/MA0024.1

MOTIF MA0025.1 MA0025.1.NFIL3
letter-probability matrix: alength= 4 w= 11 nsites= 23 E= 0
 0.043478  0.000000  0.000000  0.956522
 0.000000  0.000000  0.086957  0.913043
 0.956522  0.000000  0.000000  0.043478
 0.000000  0.347826  0.000000  0.652174
 0.086957  0.000000  0.913043  0.000000
 0.000000  0.000000  0.000000  1.000000
 1.000000  0.000000  0.000000  0.000000
 0.956522  0.000000  0.043478  0.000000
 0.000000  0.478261  0.173913  0.347826
 0.304348  0.217391  0.304348  0.173913
 0.217391  0.217391  0.130435  0.434783
URL http://jaspar.genereg.net/matrix/MA0025.1

MOTIF MA0028.1 MA0028.1.ELK1
letter-probability matrix: alength= 4 w= 10 nsites= 28 E= 0
 0.250000  0.250000  0.357143  0.142857
 0.357143  0.214286  0.214286  0.214286
 0.321429  0.142857  0.357143  0.178571
 0.178571  0.678571  0.035714  0.107143
 0.071429  0.857143  0.035714  0.035714
 0.000000  0.000000  0.857143  0.142857
 0.035714  0.000000  0.964286  0.000000
 0.964286  0.000000  0.035714  0.000000
 0.750000  0.178571  0.000000  0.071429
 0.464286  0.000000  0.500000  0.035714
URL http://jaspar.genereg.net/matrix/MA0028.1

MOTIF MA0030.1 MA0030.1.FOXF2
letter-probability matrix: alength= 4 w= 14 nsites= 27 E= 0
 0.037037  0.370370  0.259259  0.333333
 0.370370  0.259259  0.185185  0.185185
 0.629630  0.148148  0.074074  0.148148
 0.464286  0.178571  0.178571  0.178571
 0.136364  0.500000  0.363636  0.000000
 0.259259  0.000000  0.740741  0.000000
 0.000000  0.000000  0.000000  1.000000
 1.000000  0.000000  0.000000  0.000000
 1.000000  0.000000  0.000000  0.000000
 1.000000  0.000000  0.000000  0.000000
 0.000000  0.925926  0.000000  0.074074
 1.000000  0.000000  0.000000  0.000000
 0.592593  0.148148  0.074074  0.185185
 0.259259  0.148148  0.222222  0.370370
URL http://jaspar.genereg.net/matrix/MA0030.1

MOTIF MA0031.1 MA0031.1.FOXD1
letter-probability matrix: alength= 4 w= 8 nsites= 20 E= 0
 0.050000  0.050000  0.850000  0.050000
 0.000000  0.000000  0.000000  1.000000
 0.950000  0.050000  0.000000  0.000000
 1.000000  0.000000  0.000000  0.000000
 0.900000  0.050000  0.050000  0.000000
 0.050000  0.900000  0.000000  0.050000
 1.000000  0.000000  0.000000  0.000000
 0.350000  0.100000  0.150000  0.400000
URL http://jaspar.genereg.net/matrix/MA0031.1

MOTIF MA0032.1 MA0032.1.FOXC1
letter-probability matrix: alength= 4 w= 8 nsites= 16 E= 0
 0.250000  0.250000  0.312500  0.187500
 0.125000  0.312500  0.375000  0.187500
 0.250000  0.250000  0.187500  0.312500
 0.375000  0.250000  0.312500  0.062500
 0.437500  0.187500  0.125000  0.250000
 0.000000  0.000000  1.000000  0.000000
 0.000000  0.000000  0.000000  1.000000
 1.000000  0.000000  0.000000  0.000000
URL http://jaspar.genereg.net/matrix/MA0032.1

MOTIF MA0033.1 MA0033.1.FOXL1
letter-probability matrix: alength= 4 w= 8 nsites= 23 E= 0
 0.304348  0.043478  0.173913  0.478261
 0.434783  0.173913  0.086957  0.304348
 0.260870  0.130435  0.260870  0.347826
 0.565217  0.173913  0.173913  0.086957
 0.173913  0.434783  0.086957  0.304348
 0.913043  0.000000  0.086957  0.000000
 0.000000  0.086957  0.000000  0.913043
 0.956522  0.043478  0.000000  0.000000
URL http://jaspar.genereg.net/matrix/MA0033.1

MOTIF MA0036.1 MA0036.1.GATA2
letter-probability matrix: alength= 4 w= 5 nsites= 53 E= 0
 0.245283  0.245283  0.339623  0.169811
 0.000000  0.094340  0.905660  0.000000
 0.981132  0.000000  0.018868  0.000000
 0.000000  0.000000  0.000000  1.000000
 0.471698  0.132075  0.283019  0.113208
URL http://jaspar.genereg.net/matrix/MA0036.1

MOTIF MA0037.1 MA0037.1.GATA3
letter-probability matrix: alength= 4 w= 6 nsites= 63 E= 0
 0.396825  0.222222  0.063492  0.317460
 0.000000  0.015873  0.984127  0.000000
 0.968254  0.000000  0.015873  0.015873
 0.000000  0.000000  0.079365  0.920635
 0.619048  0.015873  0.063492  0.301587
 0.238095  0.047619  0.587302  0.126984
URL http://jaspar.genereg.net/matrix/MA0037.1

MOTIF MA0042.1 MA0042.1.FOXI1
letter-probability matrix: alength= 4 w= 12 nsites= 31 E= 0
 0.193548  0.032258  0.451613  0.322581
 0.129032  0.258065  0.387097  0.225806
 0.354839  0.129032  0.258065  0.258065
 0.000000  0.000000  0.000000  1.000000
 0.419355  0.000000  0.580645  0.000000
 0.000000  0.000000  0.000000  1.000000
 0.000000  0.000000  0.000000  1.000000
 0.000000  0.000000  0.000000  1.000000
 0.483871  0.000000  0.516129  0.000000
 0.000000  0.000000  0.225806  0.774194
 0.258065  0.032258  0.129032  0.580645
 0.064516  0.032258  0.129032  0.774194
URL http://jaspar.genereg.net/matrix/MA0042.1

MOTIF MA0043.1 MA0043.1.HLF
letter-probability matrix: alength= 4 w= 12 nsites= 18 E= 0
 0.055556  0.222222  0.444444  0.277778
 0.333333  0.000000  0.666667  0.000000
 0.055556  0.000000  0.000000  0.944444
 0.000000  0.000000  0.166667  0.833333
 0.722222  0.055556  0.111111  0.111111
 0.000000  0.833333  0.055556  0.111111
 0.333333  0.000000  0.666667  0.000000
 0.000000  0.500000  0.000000  0.500000
 0.722222  0.222222  0.055556  0.000000
 0.833333  0.000000  0.055556  0.111111
 0.111111  0.166667  0.055556  0.666667
 0.277778  0.277778  0.166667  0.277778
URL http://jaspar.genereg.net/matrix/MA0043.1

MOTIF MA0048.1 MA0048.1.NHLH1
letter-probability matrix: alength= 4 w= 12 nsites= 54 E= 0
 0.240741  0.240741  0.314815  0.203704
 0.240741  0.722222  0.037037  0.000000
 0.055556  0.092593  0.685185  0.166667
 0.018519  0.981481  0.000000  0.000000
 1.000000  0.000000  0.000000  0.000000
 0.018519  0.018519  0.962963  0.000000
 0.018519  0.925926  0.055556  0.000000
 0.018519  0.018519  0.000000  0.962963
 0.000000  0.000000  0.981481  0.018519
 0.055556  0.685185  0.148148  0.111111
 0.037037  0.000000  0.685185  0.277778
 0.092593  0.314815  0.222222  0.370370
URL http://jaspar.genereg.net/matrix/MA0048.1

MOTIF MA0050.1 MA0050.1.IRF1
letter-probability matrix: alength= 4 w= 12 nsites= 20 E= 0
 0.300000  0.200000  0.500000  0.000000
 0.950000  0.000000  0.050000  0.000000
 0.950000  0.000000  0.000000  0.050000
 1.000000  0.000000  0.000000  0.000000
 0.250000  0.150000  0.550000  0.050000
 0.000000  0.500000  0.000000  0.500000
 0.050000  0.050000  0.900000  0.000000
 1.000000  0.000000  0.000000  0.000000
 0.950000  0.050000  0.000000  0.000000
 1.000000  0.000000  0.000000  0.000000
 0.050000  0.650000  0.300000  0.000000
 0.050000  0.650000  0.050000  0.250000
URL http://jaspar.genereg.net/matrix/MA0050.1

MOTIF MA0051.1 MA0051.1.IRF2
letter-probability matrix: alength= 4 w= 18 nsites= 12 E= 0
 0.000000  0.333333  0.583333  0.083333
 0.166667  0.000000  0.833333  0.000000
 1.000000  0.000000  0.000000  0.000000
 0.916667  0.000000  0.000000  0.083333
 1.000000  0.000000  0.000000  0.000000
 0.166667  0.000000  0.833333  0.000000
 0.000000  0.500000  0.000000  0.500000
 0.000000  0.000000  1.000000  0.000000
 1.000000  0.000000  0.000000  0.000000
 1.000000  0.000000  0.000000  0.000000
 1.000000  0.000000  0.000000  0.000000
 0.000000  0.500000  0.500000  0.000000
 0.000000  0.583333  0.166667  0.250000
 0.416667  0.166667  0.250000  0.166667
 0.500000  0.000000  0.166667  0.333333
 0.500000  0.083333  0.083333  0.333333
 0.416667  0.166667  0.083333  0.333333
 0.250000  0.500000  0.083333  0.166667
URL http://jaspar.genereg.net/matrix/MA0051.1

MOTIF MA0052.1 MA0052.1.MEF2A
letter-probability matrix: alength= 4 w= 10 nsites= 58 E= 0
 0.017241  0.862069  0.000000  0.120690
 0.000000  0.000000  0.000000  1.000000
 0.982759  0.017241  0.000000  0.000000
 0.034483  0.017241  0.000000  0.948276
 0.155172  0.000000  0.000000  0.844828
 0.103448  0.000000  0.000000  0.896552
 0.637931  0.000000  0.000000  0.362069
 0.034483  0.000000  0.000000  0.965517
 0.965517  0.000000  0.034483  0.000000
 0.103448  0.000000  0.862069  0.034483
URL http://jaspar.genereg.net/matrix/MA0052.1

MOTIF MA0056.1 MA0056.1.MZF1
letter-probability matrix: alength= 4 w= 6 nsites= 20 E= 0
 0.150000  0.250000  0.200000  0.400000
 0.000000  0.000000  0.950000  0.050000
 0.100000  0.000000  0.900000  0.000000
 0.000000  0.000000  0.950000  0.050000
 0.000000  0.000000  1.000000  0.000000
 0.900000  0.000000  0.100000  0.000000
URL http://jaspar.genereg.net/matrix/MA0056.1

MOTIF MA0058.1 MA0058.1.MAX
letter-probability matrix: alength= 4 w= 10 nsites= 17 E= 0
 0.352941  0.058824  0.352941  0.235294
 0.647059  0.058824  0.294118  0.000000
 0.294118  0.411765  0.058824  0.235294
 0.000000  1.000000  0.000000  0.000000
 0.941176  0.058824  0.000000  0.000000
 0.000000  1.000000  0.000000  0.000000
 0.058824  0.000000  0.941176  0.000000
 0.000000  0.000000  0.000000  1.000000
 0.000000  0.000000  1.000000  0.000000
 0.352941  0.176471  0.294118  0.176471
URL http://jaspar.genereg.net/matrix/MA0058.1

MOTIF MA0059.1 MA0059.1.MAX::MYC
letter-probability matrix: alength= 4 w= 11 nsites= 21 E= 0
 0.333333  0.047619  0.428571  0.190476
 0.714286  0.047619  0.190476  0.047619
 0.095238  0.428571  0.428571  0.047619
 0.047619  0.952381  0.000000  0.000000
 1.000000  0.000000  0.000000  0.000000
 0.000000  0.952381  0.000000  0.047619
 0.047619  0.000000  0.952381  0.000000
 0.000000  0.047619  0.000000  0.952381
 0.000000  0.000000  1.000000  0.000000
 0.047619  0.047619  0.857143  0.047619
 0.142857  0.238095  0.000000  0.619048
URL http://jaspar.genereg.net/matrix/MA0059.1

MOTIF MA0060.1 MA0060.1.NFYA
letter-probability matrix: alength= 4 w= 16 nsites= 116 E= 0
 0.293103  0.318966  0.232759  0.155172
 0.137931  0.284483  0.224138  0.353448
 0.060345  0.439655  0.215517  0.284483
 0.500000  0.120690  0.353448  0.025862
 0.439655  0.034483  0.482759  0.043103
 0.000000  1.000000  0.000000  0.000000
 0.017241  0.974138  0.008621  0.000000
 0.965517  0.000000  0.008621  0.025862
 1.000000  0.000000  0.000000  0.000000
 0.000000  0.008621  0.000000  0.991379
 0.120690  0.560345  0.284483  0.034483
 0.568966  0.051724  0.362069  0.017241
 0.112069  0.172414  0.629310  0.086207
 0.336207  0.370690  0.189655  0.103448
 0.310345  0.077586  0.405172  0.206897
 0.215517  0.301724  0.250000  0.232759
URL http://jaspar.genereg.net/matrix/MA0060.1

MOTIF MA0105.1 MA0105.1.NFKB1
letter-probability matrix: alength= 4 w= 10 nsites= 38 E= 0
 0.000000  0.000000  1.000000  0.000000
 0.000000  0.000000  1.000000  0.000000
 0.026316  0.000000  0.973684  0.000000
 0.657895  0.000000  0.342105  0.000000
 0.500000  0.342105  0.026316  0.131579
 0.184211  0.026316  0.078947  0.710526
 0.026316  0.052632  0.052632  0.868421
 0.052632  0.447368  0.000000  0.500000
 0.052632  0.921053  0.000000  0.026316
 0.000000  0.947368  0.000000  0.052632
URL http://jaspar.genereg.net/matrix/MA0105.1

MOTIF MA0062.1 MA0062.1.GABPA
letter-probability matrix: alength= 4 w= 10 nsites= 7 E= 0
 0.714286  0.142857  0.142857  0.000000
 0.142857  0.714286  0.142857  0.000000
 0.142857  0.857143  0.000000  0.000000
 0.000000  0.000000  1.000000  0.000000
 0.000000  0.000000  1.000000  0.000000
 1.000000  0.000000  0.000000  0.000000
 1.000000  0.000000  0.000000  0.000000
 0.000000  0.000000  1.000000  0.000000
 0.428571  0.142857  0.142857  0.285714
 0.000000  0.285714  0.571429  0.142857
URL http://jaspar.genereg.net/matrix/MA0062.1

MOTIF MA0065.1 MA0065.1.PPARG::RXRA
letter-probability matrix: alength= 4 w= 20 nsites= 41 E= 0
 0.243902  0.292683  0.170732  0.292683
 0.170732  0.317073  0.195122  0.317073
 0.463415  0.097561  0.146341  0.292683
 0.317073  0.024390  0.658537  0.000000
 0.414634  0.000000  0.585366  0.000000
 0.000000  0.000000  1.000000  0.000000
 0.000000  0.000000  0.951220  0.048780
 0.000000  0.048780  0.000000  0.951220
 0.048780  0.902439  0.048780  0.000000
 1.000000  0.000000  0.000000  0.000000
 1.000000  0.000000  0.000000  0.000000
 0.951220  0.000000  0.048780  0.000000
 0.000000  0.000000  1.000000  0.000000
 0.000000  0.000000  0.951220  0.048780
 0.000000  0.048780  0.000000  0.951220
 0.048780  0.878049  0.024390  0.048780
 0.926829  0.024390  0.048780  0.000000
 0.243902  0.292683  0.097561  0.365854
 0.317073  0.365854  0.219512  0.097561
 0.170732  0.243902  0.292683  0.292683
URL http://jaspar.genereg.net/matrix/MA0065.1

MOTIF MA0066.1 MA0066.1.PPARG
letter-probability matrix: alength= 4 w= 20 nsites= 28 E= 0
 0.107143  0.285714  0.500000  0.107143
 0.107143  0.000000  0.000000  0.892857
 0.678571  0.000000  0.321429  0.000000
 0.000000  0.035714  0.964286  0.000000
 0.035714  0.000000  0.928571  0.035714
 0.000000  0.035714  0.142857  0.821429
 0.071429  0.821429  0.107143  0.000000
 0.928571  0.035714  0.000000  0.035714
 0.178571  0.535714  0.142857  0.142857
 0.178571  0.250000  0.357143  0.214286
 0.142857  0.071429  0.642857  0.142857
 0.035714  0.000000  0.071429  0.892857
 0.071429  0.178571  0.714286  0.035714
 0.785714  0.178571  0.000000  0.035714
 0.035714  0.964286  0.000000  0.000000
 0.000000  0.892857  0.000000  0.107143
 0.107143  0.428571  0.000000  0.464286
 0.785714  0.178571  0.000000  0.035714
 0.178571  0.428571  0.214286  0.178571
 0.250000  0.000000  0.035714  0.714286
URL http://jaspar.genereg.net/matrix/MA0066.1

MOTIF MA0069.1 MA0069.1.PAX6
letter-probability matrix: alength= 4 w= 14 nsites= 43 E= 0
 0.046512  0.093023  0.093023  0.767442
 0.046512  0.046512  0.000000  0.906977
 0.093023  0.604651  0.023256  0.279070
 0.906977  0.046512  0.023256  0.023256
 0.069767  0.790698  0.023256  0.116279
 0.023256  0.000000  0.953488  0.023256
 0.023256  0.860465  0.093023  0.023256
 0.488372  0.046512  0.046512  0.418605
 0.023256  0.093023  0.023256  0.860465
 0.046512  0.325581  0.581395  0.046512
 0.837209  0.000000  0.139535  0.023256
 0.255814  0.255814  0.302326  0.186047
 0.023256  0.116279  0.069767  0.790698
 0.023256  0.000000  0.395349  0.581395
URL http://jaspar.genereg.net/matrix/MA0069.1

MOTIF MA0070.1 MA0070.1.PBX1
letter-probability matrix: alength= 4 w= 12 nsites= 18 E= 0
 0.277778  0.333333  0.111111  0.277778
 0.166667  0.500000  0.166667  0.166667
 0.888889  0.055556  0.055556  0.000000
 0.055556  0.055556  0.000000  0.888889
 0.000000  1.000000  0.000000  0.000000
 0.944444  0.055556  0.000000  0.000000
 0.944444  0.000000  0.000000  0.055556
 0.000000  0.000000  0.055556  0.944444
 0.000000  1.000000  0.000000  0.000000
 0.888889  0.055556  0.000000  0.055556
 0.666667  0.000000  0.055556  0.277778
 0.444444  0.111111  0.111111  0.333333
URL http://jaspar.genereg.net/matrix/MA0070.1

MOTIF MA0071.1 MA0071.1.RORA
letter-probability matrix: alength= 4 w= 10 nsites= 25 E= 0
 0.600000  0.040000  0.080000  0.280000
 0.360000  0.040000  0.000000  0.600000
 0.240000  0.480000  0.160000  0.120000
 0.440000  0.080000  0.200000  0.280000
 0.840000  0.000000  0.160000  0.000000
 0.000000  0.000000  1.000000  0.000000
 0.000000  0.000000  1.000000  0.000000
 0.000000  0.000000  0.000000  1.000000
 0.000000  1.000000  0.000000  0.000000
 1.000000  0.000000  0.000000  0.000000
URL http://jaspar.genereg.net/matrix/MA0071.1

MOTIF MA0072.1 MA0072.1.RORA
letter-probability matrix: alength= 4 w= 14 nsites= 36 E= 0
 0.250000  0.222222  0.222222  0.305556
 0.472222  0.055556  0.194444  0.277778
 0.416667  0.000000  0.083333  0.500000
 0.972222  0.027778  0.000000  0.000000
 0.638889  0.000000  0.000000  0.361111
 0.055556  0.333333  0.361111  0.250000
 0.000000  0.000000  0.000000  1.000000
 0.777778  0.000000  0.222222  0.000000
 0.000000  0.000000  1.000000  0.000000
 0.000000  0.000000  1.000000  0.000000
 0.000000  0.000000  0.000000  1.000000
 0.000000  1.000000  0.000000  0.000000
 1.000000  0.000000  0.000000  0.000000
 0.416667  0.166667  0.277778  0.138889
URL http://jaspar.genereg.net/matrix/MA0072.1

MOTIF MA0073.1 MA0073.1.RREB1
letter-probability matrix: alength= 4 w= 20 nsites= 11 E= 0
 0.272727  0.727273  0.000000  0.000000
 0.090909  0.909091  0.000000  0.000000
 0.272727  0.727273  0.000000  0.000000
 0.000000  1.000000  0.000000  0.000000
 0.636364  0.363636  0.000000  0.000000
 0.818182  0.181818  0.000000  0.000000
 0.727273  0.272727  0.000000  0.000000
 0.363636  0.545455  0.000000  0.090909
 0.000000  1.000000  0.000000  0.000000
 1.000000  0.000000  0.000000  0.000000
 0.363636  0.636364  0.000000  0.000000
 0.090909  0.909091  0.000000  0.000000
 0.272727  0.727273  0.000000  0.000000
 0.363636  0.545455  0.090909  0.000000
 0.181818  0.818182  0.000000  0.000000
 0.363636  0.454545  0.000000  0.181818
 0.363636  0.454545  0.090909  0.090909
 0.363636  0.545455  0.000000  0.090909
 0.090909  0.636364  0.272727  0.000000
 0.363636  0.363636  0.181818  0.090909
URL http://jaspar.genereg.net/matrix/MA0073.1

MOTIF MA0074.1 MA0074.1.RXRA::VDR
letter-probability matrix: alength= 4 w= 15 nsites= 10 E= 0
 0.300000  0.000000  0.700000  0.000000
 0.000000  0.000000  1.000000  0.000000
 0.000000  0.000000  0.900000  0.100000
 0.000000  0.000000  0.000000  1.000000
 0.000000  0.900000  0.000000  0.100000
 0.900000  0.000000  0.100000  0.000000
 0.400000  0.200000  0.000000  0.400000
 0.200000  0.400000  0.200000  0.200000
 0.200000  0.000000  0.800000  0.000000
 0.500000  0.000000  0.500000  0.000000
 0.000000  0.000000  1.000000  0.000000
 0.000000  0.000000  0.000000  1.000000
 0.100000  0.000000  0.000000  0.900000
 0.000000  0.900000  0.000000  0.100000
 0.700000  0.100000  0.200000  0.000000
URL http://jaspar.genereg.net/matrix/MA0074.1

MOTIF MA0076.1 MA0076.1.ELK4
letter-probability matrix: alength= 4 w= 9 nsites= 20 E= 0
 0.800000  0.050000  0.100000  0.050000
 0.000000  1.000000  0.000000  0.000000
 0.000000  1.000000  0.000000  0.000000
 0.000000  0.000000  1.000000  0.000000
 0.000000  0.000000  1.000000  0.000000
 1.000000  0.000000  0.000000  0.000000
 0.800000  0.000000  0.000000  0.200000
 0.200000  0.050000  0.750000  0.000000
 0.050000  0.300000  0.000000  0.650000
URL http://jaspar.genereg.net/matrix/MA0076.1

MOTIF MA0077.1 MA0077.1.SOX9
letter-probability matrix: alength= 4 w= 9 nsites= 76 E= 0
 0.039474  0.723684  0.118421  0.118421
 0.105263  0.500000  0.078947  0.315789
 0.934211  0.013158  0.000000  0.052632
 0.026316  0.013158  0.026316  0.934211
 0.092105  0.000000  0.052632  0.855263
 0.026316  0.026316  0.947368  0.000000
 0.171053  0.000000  0.052632  0.776316
 0.118421  0.092105  0.078947  0.710526
 0.184211  0.407895  0.092105  0.315789
URL http://jaspar.genereg.net/matrix/MA0077.1

MOTIF MA0079.1 MA0079.1.SP1
letter-probability matrix: alength= 4 w= 10 nsites= 8 E= 0
 0.125000  0.125000  0.500000  0.250000
 0.250000  0.125000  0.500000  0.125000
 0.000000  0.000000  1.000000  0.000000
 0.000000  0.000000  1.000000  0.000000
 0.000000  0.625000  0.250000  0.125000
 0.250000  0.000000  0.500000  0.250000
 0.000000  0.125000  0.625000  0.250000
 0.000000  0.000000  0.750000  0.250000
 0.125000  0.125000  0.750000  0.000000
 0.250000  0.000000  0.000000  0.750000
URL http://jaspar.genereg.net/matrix/MA0079.1

MOTIF MA0080.1 MA0080.1.SPI1
letter-probability matrix: alength= 4 w= 6 nsites= 57 E= 0
 0.245614  0.368421  0.333333  0.052632
 0.070175  0.035088  0.842105  0.052632
 0.052632  0.000000  0.912281  0.035088
 0.982456  0.017544  0.000000  0.000000
 0.982456  0.000000  0.000000  0.017544
 0.052632  0.315789  0.596491  0.035088
URL http://jaspar.genereg.net/matrix/MA0080.1

MOTIF MA0081.1 MA0081.1.SPIB
letter-probability matrix: alength= 4 w= 7 nsites= 49 E= 0
 0.632653  0.000000  0.000000  0.367347
 0.081633  0.285714  0.591837  0.040816
 0.489796  0.326531  0.142857  0.040816
 0.040816  0.000000  0.959184  0.000000
 0.020408  0.000000  0.959184  0.020408
 0.979592  0.000000  0.000000  0.020408
 0.959184  0.000000  0.000000  0.040816
URL http://jaspar.genereg.net/matrix/MA0081.1

MOTIF MA0083.1 MA0083.1.SRF
letter-probability matrix: alength= 4 w= 12 nsites= 46 E= 0
 0.043478  0.021739  0.847826  0.086957
 0.195652  0.717391  0.043478  0.043478
 0.000000  0.978261  0.021739  0.000000
 0.021739  0.978261  0.000000  0.000000
 0.695652  0.021739  0.000000  0.282609
 0.065217  0.021739  0.000000  0.913043
 1.000000  0.000000  0.000000  0.000000
 0.021739  0.000000  0.000000  0.978261
 0.934783  0.000000  0.000000  0.065217
 0.326087  0.021739  0.000000  0.652174
 0.043478  0.000000  0.956522  0.000000
 0.043478  0.021739  0.934783  0.000000
URL http://jaspar.genereg.net/matrix/MA0083.1

MOTIF MA0084.1 MA0084.1.SRY
letter-probability matrix: alength= 4 w= 9 nsites= 28 E= 0
 0.178571  0.178571  0.357143  0.285714
 0.285714  0.107143  0.142857  0.464286
 0.535714  0.000000  0.107143  0.357143
 0.642857  0.107143  0.107143  0.142857
 0.892857  0.000000  0.000000  0.107143
 0.000000  0.928571  0.000000  0.071429
 1.000000  0.000000  0.000000  0.000000
 0.964286  0.000000  0.035714  0.000000
 0.250000  0.000000  0.071429  0.678571
URL http://jaspar.genereg.net/matrix/MA0084.1

MOTIF MA0090.1 MA0090.1.TEAD1
letter-probability matrix: alength= 4 w= 12 nsites= 12 E= 0
 0.083333  0.500000  0.083333  0.333333
 0.750000  0.000000  0.250000  0.000000
 0.000000  1.000000  0.000000  0.000000
 1.000000  0.000000  0.000000  0.000000
 0.000000  0.000000  0.000000  1.000000
 0.000000  0.000000  0.000000  1.000000
 0.000000  1.000000  0.000000  0.000000
 0.000000  0.916667  0.000000  0.083333
 0.416667  0.000000  0.000000  0.583333
 0.083333  0.583333  0.333333  0.000000
 0.166667  0.333333  0.250000  0.250000
 0.000000  0.166667  0.666667  0.166667
URL http://jaspar.genereg.net/matrix/MA0090.1

MOTIF MA0091.1 MA0091.1.TAL1::TCF3
letter-probability matrix: alength= 4 w= 12 nsites= 44 E= 0
 0.295455  0.318182  0.181818  0.204545
 0.204545  0.227273  0.454545  0.113636
 0.886364  0.000000  0.068182  0.045455
 0.454545  0.545455  0.000000  0.000000
 0.000000  0.977273  0.022727  0.000000
 1.000000  0.000000  0.000000  0.000000
 0.000000  0.022727  0.250000  0.727273
 0.272727  0.727273  0.000000  0.000000
 0.000000  0.000000  0.000000  1.000000
 0.000000  0.000000  0.977273  0.022727
 0.000000  0.068182  0.454545  0.477273
 0.090909  0.090909  0.045455  0.772727
URL http://jaspar.genereg.net/matrix/MA0091.1

MOTIF MA0093.1 MA0093.1.USF1
letter-probability matrix: alength= 4 w= 7 nsites= 30 E= 0
 0.000000  1.000000  0.000000  0.000000
 1.000000  0.000000  0.000000  0.000000
 0.000000  0.933333  0.000000  0.066667
 0.033333  0.000000  0.966667  0.000000
 0.000000  0.033333  0.033333  0.933333
 0.000000  0.000000  1.000000  0.000000
 0.300000  0.066667  0.466667  0.166667
URL http://jaspar.genereg.net/matrix/MA0093.1

MOTIF MA0095.1 MA0095.1.YY1
letter-probability matrix: alength= 4 w= 6 nsites= 17 E= 0
 0.352941  0.058824  0.411765  0.176471
 0.000000  0.941176  0.000000  0.058824
 0.000000  1.000000  0.000000  0.000000
 1.000000  0.000000  0.000000  0.000000
 0.000000  0.000000  0.000000  1.000000
 0.176471  0.470588  0.176471  0.176471
URL http://jaspar.genereg.net/matrix/MA0095.1

MOTIF MA0098.1 MA0098.1.ETS1
letter-probability matrix: alength= 4 w= 6 nsites= 40 E= 0
 0.100000  0.400000  0.100000  0.400000
 0.425000  0.000000  0.000000  0.575000
 0.000000  0.025000  0.000000  0.975000
 0.000000  0.975000  0.025000  0.000000
 0.000000  0.975000  0.000000  0.025000
 0.125000  0.075000  0.425000  0.375000
URL http://jaspar.genereg.net/matrix/MA0098.1

MOTIF MA0101.1 MA0101.1.REL
letter-probability matrix: alength= 4 w= 10 nsites= 17 E= 0
 0.000000  0.294118  0.470588  0.235294
 0.000000  0.058824  0.882353  0.058824
 0.058824  0.000000  0.882353  0.058824
 0.294118  0.058824  0.529412  0.117647
 0.352941  0.294118  0.176471  0.176471
 0.294118  0.058824  0.058824  0.588235
 0.058824  0.000000  0.000000  0.941176
 0.117647  0.000000  0.000000  0.882353
 0.000000  0.882353  0.000000  0.117647
 0.058824  0.941176  0.000000  0.000000
URL http://jaspar.genereg.net/matrix/MA0101.1

MOTIF MA0105.2 MA0105.2.NFKB1
letter-probability matrix: alength= 4 w= 11 nsites= 18 E= 0
 0.000000  0.000000  1.000000  0.000000
 0.000000  0.000000  1.000000  0.000000
 0.000000  0.000000  1.000000  0.000000
 0.111111  0.000000  0.888889  0.000000
 0.611111  0.055556  0.333333  0.000000
 0.277778  0.000000  0.111111  0.611111
 0.000000  0.277778  0.111111  0.611111
 0.000000  0.722222  0.000000  0.277778
 0.000000  0.944444  0.000000  0.055556
 0.000000  1.000000  0.000000  0.000000
 0.055556  0.833333  0.055556  0.055556
URL http://jaspar.genereg.net/matrix/MA0105.2

MOTIF MA0106.1 MA0106.1.TP53
letter-probability matrix: alength= 4 w= 20 nsites= 17 E= 0
 0.294118  0.470588  0.117647  0.117647
 0.176471  0.411765  0.352941  0.058824
 0.235294  0.000000  0.764706  0.000000
 0.294118  0.000000  0.705882  0.000000
 0.764706  0.000000  0.235294  0.000000
 0.000000  1.000000  0.000000  0.000000
 1.000000  0.000000  0.000000  0.000000
 0.000000  0.000000  0.000000  1.000000
 0.000000  0.000000  1.000000  0.000000
 0.000000  0.647059  0.000000  0.352941
 0.000000  0.941176  0.000000  0.058824
 0.000000  0.941176  0.000000  0.058824
 0.058824  0.000000  0.882353  0.058824
 0.058824  0.000000  0.823529  0.117647
 0.235294  0.000000  0.764706  0.000000
 0.058824  0.823529  0.117647  0.000000
 0.882353  0.000000  0.000000  0.117647
 0.117647  0.000000  0.000000  0.882353
 0.058824  0.058824  0.823529  0.058824
 0.058824  0.117647  0.058824  0.764706
URL http://jaspar.genereg.net/matrix/MA0106.1

MOTIF MA0107.1 MA0107.1.RELA
letter-probability matrix: alength= 4 w= 10 nsites= 18 E= 0
 0.000000  0.222222  0.611111  0.166667
 0.000000  0.000000  0.944444  0.055556
 0.000000  0.000000  1.000000  0.000000
 0.611111  0.000000  0.388889  0.000000
 0.555556  0.166667  0.222222  0.055556
 0.111111  0.000000  0.000000  0.888889
 0.000000  0.000000  0.000000  1.000000
 0.000000  0.111111  0.000000  0.888889
 0.000000  1.000000  0.000000  0.000000
 0.000000  1.000000  0.000000  0.000000
URL http://jaspar.genereg.net/matrix/MA0107.1

MOTIF MA0112.1 MA0112.1.ESR1
letter-probability matrix: alength= 4 w= 18 nsites= 9 E= 0
 0.111111  0.555556  0.111111  0.222222
 0.111111  0.555556  0.111111  0.222222
 0.777778  0.111111  0.111111  0.000000
 0.222222  0.000000  0.777778  0.000000
 0.000000  0.000000  1.000000  0.000000
 0.000000  0.000000  0.000000  1.000000
 0.000000  0.777778  0.222222  0.000000
 0.666667  0.000000  0.222222  0.111111
 0.111111  0.777778  0.111111  0.000000
 0.222222  0.555556  0.111111  0.111111
 0.333333  0.222222  0.444444  0.000000
 0.111111  0.111111  0.111111  0.666667
 0.111111  0.000000  0.888889  0.000000
 0.555556  0.111111  0.333333  0.000000
 0.000000  0.888889  0.000000  0.111111
 0.000000  1.000000  0.000000  0.000000
 0.222222  0.444444  0.000000  0.333333
 0.333333  0.444444  0.111111  0.111111
URL http://jaspar.genereg.net/matrix/MA0112.1

MOTIF MA0113.1 MA0113.1.NR3C1
letter-probability matrix: alength= 4 w= 18 nsites= 9 E= 0
 0.333333  0.222222  0.444444  0.000000
 0.444444  0.000000  0.555556  0.000000
 0.333333  0.000000  0.666667  0.000000
 0.777778  0.000000  0.111111  0.111111
 0.666667  0.111111  0.111111  0.111111
 0.111111  0.666667  0.222222  0.000000
 0.888889  0.000000  0.111111  0.000000
 0.222222  0.000000  0.222222  0.555556
 0.333333  0.222222  0.000000  0.444444
 0.555556  0.333333  0.000000  0.111111
 0.111111  0.333333  0.000000  0.555556
 0.000000  0.000000  0.888889  0.111111
 0.111111  0.000000  0.000000  0.888889
 0.222222  0.444444  0.000000  0.333333
 0.000000  0.888889  0.111111  0.000000
 0.111111  0.222222  0.111111  0.555556
 0.444444  0.000000  0.444444  0.111111
 0.333333  0.111111  0.222222  0.333333
URL http://jaspar.genereg.net/matrix/MA0113.1

MOTIF MA0115.1 MA0115.1.NR1H2::RXRA
letter-probability matrix: alength= 4 w= 17 nsites= 25 E= 0
 0.680000  0.200000  0.000000  0.120000
 0.680000  0.040000  0.200000  0.080000
 0.800000  0.000000  0.200000  0.000000
 0.000000  0.000000  1.000000  0.000000
 0.000000  0.000000  0.960000  0.040000
 0.000000  0.000000  0.000000  1.000000
 0.000000  1.000000  0.000000  0.000000
 1.000000  0.000000  0.000000  0.000000
 0.960000  0.000000  0.000000  0.040000
 1.000000  0.000000  0.000000  0.000000
 0.000000  0.000000  1.000000  0.000000
 0.000000  0.000000  1.000000  0.000000
 0.000000  0.000000  0.000000  1.000000
 0.000000  1.000000  0.000000  0.000000
 1.000000  0.000000  0.000000  0.000000
 0.800000  0.040000  0.080000  0.080000
 0.000000  0.600000  0.240000  0.160000
URL http://jaspar.genereg.net/matrix/MA0115.1

MOTIF MA0119.1 MA0119.1.NFIC::TLX1
letter-probability matrix: alength= 4 w= 14 nsites= 16 E= 0
 0.000000  0.000000  0.000000  1.000000
 0.000000  0.000000  1.000000  0.000000
 0.000000  0.000000  1.000000  0.000000
 0.000000  1.000000  0.000000  0.000000
 0.875000  0.062500  0.000000  0.062500
 0.125000  0.500000  0.312500  0.062500
 0.125000  0.500000  0.250000  0.125000
 0.437500  0.062500  0.312500  0.187500
 0.250000  0.187500  0.125000  0.437500
 0.000000  0.000000  1.000000  0.000000
 0.000000  1.000000  0.000000  0.000000
 0.000000  1.000000  0.000000  0.000000
 1.000000  0.000000  0.000000  0.000000
 0.875000  0.000000  0.062500  0.062500
URL http://jaspar.genereg.net/matrix/MA0119.1

MOTIF MA0124.1 MA0124.1.NKX3-1
letter-probability matrix: alength= 4 w= 7 nsites= 20 E= 0
 0.650000  0.050000  0.150000  0.150000
 0.000000  0.050000  0.000000  0.950000
 1.000000  0.000000  0.000000  0.000000
 0.000000  0.950000  0.000000  0.050000
 0.050000  0.000000  0.000000  0.950000
 0.050000  0.000000  0.000000  0.950000
 0.950000  0.000000  0.050000  0.000000
URL http://jaspar.genereg.net/matrix/MA0124.1

MOTIF MA0130.1 MA0130.1.ZNF354C
letter-probability matrix: alength= 4 w= 6 nsites= 16 E= 0
 0.437500  0.375000  0.187500  0.000000
 0.187500  0.125000  0.000000  0.687500
 0.000000  1.000000  0.000000  0.000000
 0.000000  1.000000  0.000000  0.000000
 1.000000  0.000000  0.000000  0.000000
 0.000000  0.937500  0.062500  0.000000
URL http://jaspar.genereg.net/matrix/MA0130.1

MOTIF MA0131.1 MA0131.1.HINFP
letter-probability matrix: alength= 4 w= 10 nsites= 20 E= 0
 0.100000  0.300000  0.250000  0.350000
 0.650000  0.050000  0.000000  0.300000
 1.000000  0.000000  0.000000  0.000000
 0.100000  0.850000  0.050000  0.000000
 0.000000  0.000000  0.950000  0.050000
 0.000000  0.050000  0.000000  0.950000
 0.000000  0.950000  0.000000  0.050000
 0.000000  0.900000  0.100000  0.000000
 0.000000  0.000000  0.950000  0.050000
 0.100000  0.650000  0.050000  0.200000
URL http://jaspar.genereg.net/matrix/MA0131.1

MOTIF MA0137.1 MA0137.1.STAT1
letter-probability matrix: alength= 4 w= 14 nsites= 15 E= 0
 0.333333  0.066667  0.600000  0.000000
 0.133333  0.000000  0.866667  0.000000
 0.733333  0.000000  0.266667  0.000000
 1.000000  0.000000  0.000000  0.000000
 0.933333  0.066667  0.000000  0.000000
 0.533333  0.200000  0.200000  0.066667
 0.066667  0.400000  0.133333  0.400000
 0.000000  0.000000  1.000000  0.000000
 1.000000  0.000000  0.000000  0.000000
 1.000000  0.000000  0.000000  0.000000
 1.000000  0.000000  0.000000  0.000000
 0.000000  0.933333  0.066667  0.000000
 0.066667  0.200000  0.000000  0.733333
 0.266667  0.133333  0.466667  0.133333
URL http://jaspar.genereg.net/matrix/MA0137.1

MOTIF MA0138.1 MA0138.1.REST
letter-probability matrix: alength= 4 w= 19 nsites= 22 E= 0
 0.045455  0.090909  0.681818  0.181818
 0.318182  0.409091  0.045455  0.227273
 0.045455  0.136364  0.681818  0.136364
 0.000000  1.000000  0.000000  0.000000
 0.000000  0.045455  0.000000  0.954545
 0.045455  0.181818  0.772727  0.000000
 0.000000  0.000000  0.090909  0.909091
 0.000000  0.863636  0.045455  0.090909
 0.000000  0.954545  0.000000  0.045455
 0.500000  0.136364  0.227273  0.136364
 0.227273  0.045455  0.136364  0.590909
 0.090909  0.000000  0.909091  0.000000
 0.000000  0.045455  0.954545  0.000000
 0.045455  0.000000  0.045455  0.909091
 0.000000  0.136364  0.727273  0.136364
 0.000000  0.954545  0.000000  0.045455
 0.000000  0.045455  0.000000  0.954545
 0.045455  0.045455  0.909091  0.000000
 0.681818  0.045455  0.227273  0.045455
URL http://jaspar.genereg.net/matrix/MA0138.1

MOTIF MA0139.1 MA0139.1.CTCF
letter-probability matrix: alength= 4 w= 19 nsites= 913 E= 0
 0.095290  0.318729  0.083242  0.502738
 0.182913  0.158817  0.453450  0.204819
 0.307777  0.053669  0.491785  0.146769
 0.061336  0.876232  0.023001  0.039430
 0.008762  0.989047  0.000000  0.002191
 0.814896  0.014239  0.071194  0.099671
 0.043812  0.578313  0.365827  0.012048
 0.117325  0.474781  0.052632  0.355263
 0.933114  0.012061  0.035088  0.019737
 0.005488  0.000000  0.991218  0.003293
 0.365532  0.003293  0.621295  0.009879
 0.059276  0.013172  0.553238  0.374314
 0.013187  0.000000  0.978022  0.008791
 0.061538  0.008791  0.851648  0.078022
 0.114411  0.806381  0.005501  0.073707
 0.409241  0.014301  0.557756  0.018702
 0.090308  0.530837  0.338106  0.040749
 0.128855  0.354626  0.080396  0.436123
 0.442731  0.199339  0.292952  0.064978
URL http://jaspar.genereg.net/matrix/MA0139.1

MOTIF MA0148.1 MA0148.1.FOXA1
letter-probability matrix: alength= 4 w= 11 nsites= 892 E= 0
 0.014574  0.002242  0.002242  0.980942
 0.120941  0.007839  0.862262  0.008959
 0.001117  0.007821  0.005587  0.985475
 0.005580  0.007812  0.026786  0.959821
 0.006696  0.003348  0.087054  0.902902
 0.531250  0.013393  0.410714  0.044643
 0.006689  0.899666  0.005574  0.088071
 0.324415  0.118172  0.005574  0.551839
 0.050223  0.410714  0.077009  0.462054
 0.423292  0.010078  0.026876  0.539754
 0.100897  0.140135  0.522422  0.236547
URL http://jaspar.genereg.net/matrix/MA0148.1

MOTIF MA0149.1 MA0149.1.EWSR1-FLI1
letter-probability matrix: alength= 4 w= 18 nsites= 105 E= 0
 0.000000  0.000000  1.000000  0.000000
 0.019048  0.000000  0.980952  0.000000
 0.990476  0.000000  0.009524  0.000000
 0.990476  0.000000  0.009524  0.000000
 0.009524  0.000000  0.990476  0.000000
 0.019048  0.000000  0.971429  0.009524
 0.980952  0.000000  0.019048  0.000000
 0.971429  0.000000  0.028571  0.000000
 0.000000  0.000000  0.990476  0.009524
 0.000000  0.019048  0.980952  0.000000
 0.942857  0.038095  0.019048  0.000000
 1.000000  0.000000  0.000000  0.000000
 0.000000  0.000000  1.000000  0.000000
 0.000000  0.019048  0.980952  0.000000
 0.952381  0.028571  0.000000  0.019048
 0.971429  0.000000  0.019048  0.009524
 0.047619  0.000000  0.923810  0.028571
 0.028571  0.028571  0.923810  0.019048
URL http://jaspar.genereg.net/matrix/MA0149.1

MOTIF MA0138.2 MA0138.2.REST
letter-probability matrix: alength= 4 w= 21 nsites= 1591 E= 0
 0.132621  0.109365  0.230044  0.527970
 0.036318  0.168441  0.091421  0.703820
 0.047589  0.855354  0.031309  0.065748
 0.906367  0.018727  0.058677  0.016230
 0.021197  0.027431  0.945137  0.006234
 0.076012  0.609346  0.201246  0.113396
 0.980697  0.004359  0.007472  0.007472
 0.001868  0.987547  0.007472  0.003113
 0.021793  0.922167  0.012453  0.043587
 0.568847  0.125234  0.100935  0.204984
 0.136534  0.233791  0.077307  0.552369
 0.024314  0.004364  0.966958  0.004364
 0.012469  0.003117  0.983167  0.001247
 0.877105  0.069869  0.021210  0.031815
 0.008125  0.800000  0.145625  0.046250
 0.983750  0.005625  0.004375  0.006250
 0.026349  0.008156  0.959849  0.005646
 0.128688  0.632141  0.114878  0.124294
 0.229899  0.019472  0.432161  0.318467
 0.133962  0.586792  0.200629  0.078616
 0.112579  0.700629  0.023270  0.163522
URL http://jaspar.genereg.net/matrix/MA0138.2

MOTIF MA0137.2 MA0137.2.STAT1
letter-probability matrix: alength= 4 w= 15 nsites= 2077 E= 0
 0.100144  0.518055  0.199807  0.181993
 0.412981  0.238462  0.134135  0.214423
 0.120615  0.275829  0.069198  0.534358
 0.004805  0.010572  0.005286  0.979337
 0.003841  0.006721  0.018243  0.971195
 0.050839  0.921343  0.006715  0.021103
 0.011031  0.911271  0.003357  0.074341
 0.253237  0.365468  0.055156  0.326139
 0.333813  0.014868  0.619664  0.031655
 0.025420  0.014388  0.815348  0.144844
 0.911271  0.059472  0.013909  0.015348
 0.973621  0.008153  0.011031  0.007194
 0.457774  0.126200  0.264875  0.151152
 0.161538  0.365385  0.129808  0.343269
 0.200770  0.387097  0.204622  0.207511
URL http://jaspar.genereg.net/matrix/MA0137.2

MOTIF MA0112.2 MA0112.2.ESR1
letter-probability matrix: alength= 4 w= 20 nsites= 467 E= 0
 0.261242  0.256959  0.329764  0.152034
 0.228632  0.170940  0.350427  0.250000
 0.136752  0.369658  0.318376  0.175214
 0.176596  0.487234  0.138298  0.197872
 0.285106  0.493617  0.100000  0.121277
 0.651163  0.059197  0.188161  0.101480
 0.075949  0.016878  0.816456  0.090717
 0.040000  0.037895  0.884211  0.037895
 0.069474  0.086316  0.191579  0.652632
 0.008421  0.829474  0.111579  0.050526
 0.837895  0.027368  0.056842  0.077895
 0.122105  0.526316  0.225263  0.126316
 0.132632  0.581053  0.111579  0.174737
 0.134737  0.543158  0.204211  0.117895
 0.067368  0.040000  0.016842  0.875789
 0.044211  0.046316  0.896842  0.012632
 0.642105  0.223158  0.065263  0.069474
 0.021053  0.917895  0.025263  0.035789
 0.124211  0.743158  0.004211  0.128421
 0.054737  0.347368  0.046316  0.551579
URL http://jaspar.genereg.net/matrix/MA0112.2

MOTIF MA0150.1 MA0150.1.NFE2L2
letter-probability matrix: alength= 4 w= 11 nsites= 20 E= 0
 0.500000  0.050000  0.450000  0.000000
 0.000000  0.000000  0.000000  1.000000
 0.000000  0.000000  0.950000  0.050000
 1.000000  0.000000  0.000000  0.000000
 0.000000  0.850000  0.050000  0.100000
