Pos	A	C	G	T
1	0.323376601469261	0.22554113284358	0.22554113284358	0.22554113284358
2	0.201925699136043	0.201925699136043	0.201925699136043	0.394222902591871
3	0.370000899662345	0.27459170792462	0.177703696206517	0.177703696206517
4	0.173339630969752	0.572072793929528	0.0798787704989471	0.174708804601773
5	0.801848665547712	0.0270706994031303	0.144009935646028	0.0270706994031303
6	0.000281144482961239	0.000281144482961239	0.000281144482961239	0.999156566551116
7	0.809864797618144	0.0947428793131078	0.000281144482961239	0.095111178585787
8	0.710972225736528	0.0937420049537658	0.000281144482961239	0.195004624826745
9	0.309918917931114	0.0247400116393816	0.0247400116393816	0.640601058790123
10	0.154394709985409	0.0483554453469182	0.0483554453469182	0.748894399320755
11	0.484965798773648	0.0725774482764437	0.263840040034974	0.178616712914934
12	0.27756059366469	0.381634658367282	0.170402373984014	0.170402373984014
13	0.223210445079831	0.223210445079831	0.223210445079831	0.330368664760507
