Pos	A	C	G	T
1	0.372420208033389	0.175002022097481	0.175002022097481	0.277575747771649
2	0.500689939660611	0.0992340294740929	0.20180775514826	0.198268275717036
3	0.130195577268389	0.123381917595483	0.0243476713525406	0.722074833783587
4	0.627411553456169	0.0243476713525406	0.0243476713525406	0.32389310383875
5	0.202957115356617	0.00032353559700406	0.00032353559700406	0.796395813449375
6	0.803083294239449	0.00032353559700406	0.196269634566543	0.00032353559700406
7	0.197495834479189	0.102897261271171	0.00032353559700406	0.699283368652636
8	0.102897261271171	0.00032353559700406	0.00032353559700406	0.896455667534821
9	0.27672889334649	0.173459566138764	0.0753215134995228	0.474490027015222
10	0.255585033243283	0.247186049145057	0.151089506122911	0.346139411488749
11	0.32207240726661	0.225975864244463	0.225975864244463	0.225975864244463
12	0.32207240726661	0.225975864244463	0.225975864244463	0.225975864244463
