Pos	A	C	G	T
1	0.226424049755822	0.226424049755822	0.320727850732535	0.226424049755822
2	0.297158136595695	0.297133192166341	0.202854335618982	0.202854335618982
3	0.3453826475463	0.249648699286589	0.155344898309876	0.249623754857235
4	0.416713321988237	0.131468229111812	0.131468229111812	0.320350219788139
5	0.569704436228181	0.0800951768560041	0.0800951768560041	0.270105210059811
6	0.694220098558212	0.000277160326162272	0.000277160326162272	0.305225580789463
7	0.000277160326162272	0.000277160326162272	0.000277160326162272	0.999168519021513
8	0.106432336849574	0.508688976225187	0.000277160326162272	0.384601526599077
9	0.928440668288979	0.0238531105703405	0.0238531105703405	0.0238531105703405
10	0.256864568378224	0.552783105415159	0.0474228247071801	0.142929501499437
11	0.715203213951142	0.0949322620162859	0.0949322620162859	0.0949322620162859
12	0.214240774718544	0.11880893121435	0.11880893121435	0.548141362852756
13	0.269288972899263	0.170181983470158	0.27633715999357	0.284191883637009
