Pos	A	C	G	T
1	0.322365043888037	0.225878318703988	0.225878318703988	0.225878318703988
2	0.201688087259556	0.298174812443606	0.298449013037282	0.201688087259556
3	0.273299079514984	0.176812354330935	0.276315286045422	0.27357328010866
4	0.172633983656369	0.0761918957782674	0.0761918957782674	0.674982224787096
5	0.721176256779291	0.123702728295907	0.127311973319645	0.0278090416051575
6	0.193952282719942	0.000318837899623452	0.0979565679013133	0.707772311479121
7	0.297590541992546	0.000318837899623452	0.000318837899623452	0.701771782208208
8	0.798532707985933	0.104387528336718	0.000318837899623452	0.0967609257777253
9	0.822609751975998	0.0244405191956357	0.0244405191956357	0.128509209632731
10	0.0486307506400671	0.0486307506400671	0.0486307506400671	0.854107748079799
11	0.0735064835686888	0.0735064835686888	0.171246241698258	0.681740791164364
12	0.477619173635932	0.174126942121356	0.174126942121356	0.174126942121356
13	0.332470611116602	0.222509796294466	0.222509796294466	0.222509796294466
