Pos	A	C	G	T
1	0.225929886302112	0.225929886302112	0.225929886302112	0.322210341093665
2	0.1984860584732	0.294766513264754	0.308261369788847	0.1984860584732
3	0.453827828911749	0.145465619924201	0.145465619924201	0.255240931239848
4	0.0479480238224147	0.0479480238224147	0.143161884136437	0.760942068218733
5	0.621954520844613	0.134331348132106	0.0245560368164591	0.219158094206822
6	0.093838657282079	0.000270709258256632	0.101304818624797	0.804585814834867
7	0.000270709258256632	0.000270709258256632	0.000270709258256632	0.99918787222523
8	0.89998917162967	0.000270709258256632	0.099469409853817	0.000270709258256632
9	0.119554683270168	0.125374932322685	0.0243408229561451	0.730729561451002
10	0.538173389279914	0.0517846507850569	0.16466770438549	0.24537425554954
11	0.301053059014618	0.201946399566865	0.104805089334055	0.392195452084461
12	0.295890633459664	0.299463995668652	0.202322685435842	0.202322685435842
13	0.322855982674607	0.225714672441798	0.225714672441798	0.225714672441798
