Pos	A	C	G	T
1	0.226447348427291	0.226447348427291	0.320657954718128	0.226447348427291
2	0.297396726507044	0.203186120216207	0.296231033060542	0.203186120216207
3	0.178071070397465	0.372741875963271	0.2711159832418	0.178071070397465
4	0.479093494258363	0.174089912518723	0.166029912952873	0.180786680270041
5	0.0506886708489808	0.6513312132329	0.153080838778301	0.144899277139818
6	0.0932619879740378	0.10737404215599	0.6986866954653	0.100677274404671
7	0.0919812447087937	0.0944276814205396	0.605756832439707	0.207834241430959
8	0.199138211735082	0.49614908719908	0.210026700240953	0.0946860008248855
9	0.0237697267024117	0.116169926411531	0.836290620183646	0.0237697267024117
10	0.0470309549134956	0.0470309549134956	0.858907135259513	0.0470309549134956
11	0.481988191112944	0.163910174311329	0.0721460047322378	0.281955629843489
12	0.176587361885949	0.176587361885949	0.378473744763063	0.26835153146504
13	0.199528404280722	0.401414787157835	0.199528404280722	0.199528404280722
