Pos	A	C	G	T
1	0.231578947368	0.305263157895	0.357894736842	0.105263157895
2	0.168421052631949	0.0947368421052716	0.305263157894908	0.431578947367871
3	0.263157894737079	0.0842105263158253	0.0421052631579126	0.610526315789183
4	0.284210526316	0.168421052632	0.136842105263	0.410526315789
5	0.0	0.968421052631613	0.0	0.0315789473683874
6	0.0	0.831578947368	0.0	0.168421052632
7	0.863157894736655	0.0105263157894958	0.0210526315788916	0.105263157894958
8	0.421052631578874	0.0421052631578874	0.0315789473683905	0.505263157894848
9	0.589473684210705	0.0	0.0105263157894947	0.3999999999998
10	0.368421052632	0.0	0.0	0.631578947368
11	0.684210526315726	0.0105263157894958	0.0421052631578832	0.263157894736895
12	0.263157894736921	0.0421052631578874	0.0315789473683905	0.663157894736801
13	0.673684210526404	0.0	0.294736842105177	0.0315789473684189
14	0.0	0.0	0.968421052631613	0.0315789473683874
15	0.347368421052653	0.147368421052853	0.157894736841842	0.347368421052653
16	0.547368421052617	0.0526315789473632	0.0736842105262484	0.326315789473772
17	0.473684210526	0.242105263158	0.136842105263	0.147368421053
18	0.221052631579221	0.252631578947253	0.273684210526274	0.252631578947253
