Pos	A	C	G	T
1	0.44794500930832	0.167263353859373	0.0903623084634111	0.294429328368896
2	0.342869783217814	0.204099690311164	0.226957675859018	0.226072850612004
3	0.0835167859108421	0.2347275729224	0.0121078701155751	0.669647771051183
4	0.0152948279331858	0.0177098007647414	0.965385389414369	0.00160998188770376
5	0.0990629183400268	0.867374258940524	0.00239051443870721	0.031172308280742
6	0.131491252429881	0.100805331852263	0.0205498472646487	0.747153568453207
7	0.0631986883291101	0.0430764644507378	0.697570427783574	0.196154419436578
8	0.765693980833423	0.118875847959513	0.0106600624528911	0.104770108754173
9	0.106741573033708	0.404886333943036	0.395348837209302	0.0930232558139535
10	0.0854406703576238	0.0145144396229238	0.0827472691904833	0.817297620828969
11	0.122558254833912	0.800495785820525	0.0219137332672286	0.0550322260783342
12	0.79918955425484	0.0328680774425934	0.0540297163439892	0.113912651958577
13	0.0249242169080498	0.00370495116200741	0.8497810710677	0.121589760862243
14	0.00046178711613946	0.986608173631956	0.00738859385823136	0.00554144539367352
15	0.715104286041714	0.0195966078386431	0.197570479028192	0.0677286270914508
16	0.263411781903231	0.304195293085806	0.165326706621839	0.267066218389124
17	0.381648722481118	0.130644383737747	0.119877872408806	0.367829021372328
