Pos	A	C	G	T
1	0.434565849605318	0.119443290402991	0.176983797257998	0.269007062733693
2	0.405678640567864	0.0918477091847709	0.101097010109701	0.401376640137664
3	0.35329469843314	0.145095514058811	0.0922944837948057	0.409315303713243
4	0.329414234726013	0.157883686752047	0.187276926306949	0.325425152214991
5	0.072575962841107	0.219663247532417	0.0176117669827753	0.6901490226437
6	0.0110383536014967	0.0241347053320861	0.962207670720299	0.00261927034611787
7	0.0841306499505114	0.889145496535797	0.00346420323325635	0.0232596502804355
8	0.0815318097591106	0.104179534692197	0.0226477249330863	0.791640930615606
9	0.0568238626895517	0.0334944175970672	0.788368605232461	0.12131311448092
10	0.858737356121381	0.067317753749564	0.0160446459713987	0.0579002441576561
11	0.0859819337571094	0.441117430578789	0.391435262629642	0.0814653730344597
12	0.068405399222146	0.0192175703500343	0.0491878288721116	0.863189201555708
13	0.117744360902256	0.81203007518797	0.0242105263157895	0.046015037593985
14	0.829851245194718	0.0222296506769179	0.0802273107136888	0.0676917934146749
15	0.028436018957346	0.0016405395552315	0.870397375136712	0.0995260663507109
16	0.00256761383087984	0.980657309140705	0.0107839780896953	0.00599109893871962
17	0.75254730713246	0.0208636584182436	0.170467410642083	0.0561216238072133
18	0.308027380211574	0.225264467952707	0.170918896494503	0.295789255341216
19	0.355396928401471	0.113778931429807	0.125243348475016	0.405580791693705
20	0.33761630482942	0.106114311032344	0.0708905626938414	0.485378821444395
21	0.24689745264533	0.191813629436098	0.12018288700196	0.441106030916612
