Pos	A	C	G	T
1	0.209027404621171	0.261329034569228	0.179831631739208	0.349811929070392
2	0.209149130832571	0.30448307410796	0.0964318389752973	0.389935956084172
3	0.551426275612696	0.386500602651667	0.0303334672559261	0.0317396544797107
4	0.0200555996822875	0.8868149324861	0.0297855440826052	0.0633439237490071
5	0.063246502104425	0.0540325332726652	0.802297804572859	0.0804231600500512
6	0.00238663484486874	0.964851377739206	0.0136689086569755	0.0190930787589499
7	0.0252578404546411	0.936223952852031	0.0225215744053883	0.0159966322879394
8	0.0	0.948105081826012	0.0236864771748493	0.0282084409991387
9	0.718161506543249	0.168368975422917	0.0555378231726779	0.0579316948611554
10	0.00915712799167534	0.916129032258065	0.0237252861602497	0.0509885535900104
11	0.0254895525653648	0.196149217809868	0.750683732633191	0.0276774969915764
12	0.00209819555182543	0.913554343264792	0.0383969785984054	0.0459504825849769
13	0.681757656458056	0.124130788578192	0.122651279775115	0.0714602751886374
14	0.324288675334464	0.263614094592048	0.0770680233653665	0.335029206708121
15	0.259311068368596	0.143206854345165	0.11453051232733	0.482951564958909
16	0.210201200141193	0.197317331450759	0.165019414048712	0.427462054359336
