Pos	A	C	G	T
1	0.911056511056511	0.0106633906633907	0.0316953316953317	0.0465847665847666
2	0.0166259914582062	0.0279133618059793	0.0128126906650397	0.942647956070775
3	0.0219844930807734	0.909804691333791	0.0150652664638335	0.0531455491216017
4	0.314149059182172	0.0140859875959214	0.66025438873121	0.0115105644906969
5	0.961169578516253	0.0101612317901395	0.0114573072735756	0.0172118824200321
6	0.0764666475260791	0.0270360800076562	0.00933103646281941	0.887166236003445
7	0.42008738335401	0.255245698257727	0.117697826204218	0.206969092184044
8	0.385652642934196	0.281769147788565	0.181769147788565	0.150809061488673
9	0.227819427215361	0.328353378997897	0.263470147241249	0.180357046545494
10	0.183505043421975	0.178380710933707	0.194508873186256	0.443605372458061
11	0.348778251254113	0.0764334645881655	0.369059819839258	0.205728464318464
12	0.918321858437763	0.0107484273614344	0.0316508990044083	0.0392788151963941
13	0.0126896980369814	0.0175066038224478	0.00953022219920236	0.960273475941368
14	0.0181034924867942	0.950817990666188	0.0120519000974409	0.0190266167495769
15	0.408286509478549	0.0161739221761277	0.565247072415061	0.0102924959302631
16	0.952625629431713	0.0101736717706299	0.0126400164422978	0.0245606823553592
17	0.0693633177570094	0.0201518691588785	0.00803154205607477	0.902453271028037
