Pos	A	C	G	T
1	0.0467150804773432	0.102093684970485	0.605576081878796	0.245615152673377
2	0.637068341544281	0.116229657475075	0.244880805061991	0.00182119591865325
3	0.0329092709682334	0.95868566059775	0.00147279144765242	0.00693227698636398
4	0.0368892325343576	0.945327114458883	0.00902900755742898	0.00875464544933031
5	0.0653688205021573	0.899334615584551	0.00725165046524926	0.0280449134480428
6	0.000103511632119659	0.999792976735761	0.0	0.000103511632119659
7	0.00564493367202935	0.994098478433788	5.13175788366305e-05	0.000205270315346522
8	0.000650009100127402	0.655079171108396	0.000182002548035672	0.344088817243441
9	0.0662712160107669	0.00211848565660594	0.930787827430651	0.000822470901976423
10	0.000490141472652334	0.830633842040771	0.0147488024952657	0.154127213991311
11	0.0456754567545675	0.0476554765547655	0.136261362613626	0.770407704077041
12	0.00353761833582461	0.000224215246636771	0.995465869456901	0.000772296960637768
13	0.106250335895093	0.280593325092707	0.0975439350781964	0.515612403934003
14	0.000552499459511398	0.0189050902015422	0.894544668380216	0.0859977419587307
15	0.311734764066584	0.422231393589214	0.0423992296051727	0.223634612739029
