Pos	A	C	G	T
1	0.0768106312292359	0.124119601328904	0.548305647840532	0.250764119601329
2	0.558066308575662	0.150398221892943	0.287645860344508	0.00388960918688646
3	0.0944527736131934	0.860569715142429	0.015592203898051	0.0293853073463268
4	0.0620730620730621	0.858330858330858	0.0359370359370359	0.0436590436590437
5	0.158615344872126	0.712219064841126	0.0581245156290364	0.0710410746577112
6	0.00265957446808511	0.997007978723404	0.0	0.000332446808510638
7	0.0366559485530547	0.959807073954984	0.0	0.00353697749196141
8	0.00720720720720721	0.667267267267267	0.0018018018018018	0.323723723723724
9	0.181682429069189	0.0112825618052099	0.795586527293844	0.0114484818317571
10	0.00671892497200448	0.638017917133259	0.070548712206047	0.28471444568869
11	0.143951833607006	0.118363437328955	0.2603995621237	0.477285166940339
12	0.0475225640081046	0.00331552772149567	0.936820777307055	0.012341130963345
13	0.185214417258616	0.27466456195738	0.157590107866351	0.382530912917653
14	0.0119277885235332	0.072856221792392	0.728884590586718	0.186331399097357
15	0.302007808142777	0.34132738427217	0.101226993865031	0.255437813720022
