Pos	A	C	G	T
1	0.1890603085554	0.395511921458626	0.177559607293128	0.237868162692847
2	0.496309963099631	0.0684706847068471	0.375153751537515	0.0600656006560066
3	0.00932515337423313	0.65840490797546	0.11239263803681	0.219877300613497
4	0.0852003786683496	0.00536446828652572	0.0119911644051751	0.89744398863995
5	0.00271370420624152	0.0122116689280868	0.00576662143826323	0.979308005427408
6	0.00212514757969303	0.990791027154663	0.00519480519480519	0.00188902007083825
7	0.00239750659314313	0.988731719012227	0.00527451450491489	0.0035962598897147
8	0.0171603196991067	0.00305594734367654	0.972496473906911	0.00728725905030559
9	0.000970638194612958	0.5168648386314	0.481193884979374	0.000970638194612958
10	0.00571020699500357	0.987865810135617	0.00452058053771116	0.00190340233166786
11	0.000506713959969597	0.0	0.99949328604003	0.0
12	0.000748502994011976	0.0	0.999001996007984	0.000249500998003992
13	0.998359310910582	0.0	0.00136724090784796	0.000273448181569593
14	0.933766233766234	0.00467532467532468	0.0	0.0615584415584416
15	0.0467863894139887	0.0536389413988658	0.898393194706994	0.00118147448015123
16	0.00927459423650215	0.0824776416031799	0.0304736667770785	0.87777409738324
17	0.244610281923715	0.206744057490326	0.360696517412935	0.187949143173024
