Pos	A	C	G	T
1	0.968696143780718	0.00302734642143945	0.01516408764715	0.0131124221506926
2	0.00248633905129466	0.00792288637987179	0.00401710749705443	0.985573667071779
3	0.00529926925866012	0.987653632323683	0.00430449415220989	0.0027426042654469
4	0.486652709932542	0.00659688299604559	0.501800418702024	0.00494998836938823
5	0.985784013510755	0.00337768869587811	0.00421283150529852	0.00662546628806859
6	0.0195889619500922	0.00327399785401821	0.00287965077356224	0.974257389422327
7	0.76160174708662	0.0611386185213773	0.069939943897434	0.107319690494569
8	0.4955663911742	0.195154093792948	0.0882579964982962	0.221021518534556
9	0.386787657435473	0.187670613927744	0.166876894402922	0.258664834233861
10	0.339109889489241	0.197253233428093	0.171734096428639	0.291902780654028
11	0.349931755071304	0.0863745469948699	0.184628418129618	0.379065279804208
12	0.188949028098084	0.0608933025838942	0.0724243422600838	0.677733327057938
13	0.97888063689807	0.00308681790538673	0.0042386156312773	0.0137939295652655
14	0.00483932156967975	0.0086423065890648	0.00353464787689802	0.982983723964357
15	0.00897017127887118	0.88071827693124	0.00747790618626785	0.102833645603621
16	0.0230440647482014	0.0019484412470024	0.972112934652278	0.00289455935251799
17	0.986818760276072	0.00283317696673572	0.00702256323558099	0.0033254995216111
18	0.0423448166235418	0.0158517092469776	0.00364721778217367	0.938156256347307
