Pos	A	C	G	T
1	0.274793848896813	0.155504791620236	0.132828170269668	0.436873189213283
2	0.298589103538094	0.0633818102886911	0.625265899717821	0.012763186455394
3	0.192445019404916	0.0917981888745149	0.0248382923673997	0.69091849935317
4	0.442679409358991	0.477592664341986	0.00189418399414525	0.0778337423048775
5	0.974919856684895	0.0108429191023949	0.00480859890627946	0.00942862530643032
6	0.972206519690974	0.00725456943659318	0.00518183531185227	0.0153570755605804
7	0.000712342960756379	0.0825670249967621	0.00479212537236109	0.91192850667012
8	0.916371077762619	0.00218281036834925	0.0814461118690314	0.0
9	0.00891109160872207	0.00958617430635253	0.00668331870654155	0.974819415378384
10	0.00697217897515738	0.00798754484532593	0.00778447167129222	0.977255804508224
11	0.156127754394652	0.00267392919039366	0.369893538004457	0.471304778410498
12	0.652232415902141	0.0353516819571865	0.11539245667686	0.197023445463812
13	0.0108253053927898	0.632336875558645	0.0599860959380276	0.296851723110537
14	0.353758517887564	0.187659710391823	0.148211243611584	0.310370528109029
