Pos	A	C	G	T
1	0.330080847504879	0.0933928073599108	0.0627265124059102	0.5137998327293
2	0.529141544645421	0.0611541774332472	0.276485788113695	0.133218489807637
3	0.227827050997783	0.0601441241685144	0.0670731707317073	0.644955654101996
4	0.197505197505198	0.0272580272580273	0.736659736659737	0.0385770385770386
5	0.0252125476399883	0.0621518616241571	0.010847258868367	0.901788331867488
6	0.275356244761106	0.680846605196982	0.00272422464375524	0.0410729253981559
7	0.957321952520672	0.0162710056014937	0.00400106695118698	0.0224059749266471
8	0.96598821638993	0.00856989823245849	0.00321371183717193	0.0222281735404392
9	0.000932256059664388	0.0313859540087011	0.00248601615910503	0.96519577377253
10	0.956994956198566	0.00238916910007964	0.0390230953013008	0.00159277940005309
11	0.0190744215134459	0.00469043151969981	0.00656660412757974	0.969668542839275
12	0.00679221982093239	0.00123494905835134	0.0407533189255943	0.951219512195122
13	0.00242204056917953	0.00211928549803209	0.283681501665153	0.711777172267635
14	0.886050588529927	0.0035061357375407	0.0999248685199098	0.0105184072126221
15	0.0248235026189934	0.827146435891596	0.0223183785014803	0.12571168298793
16	0.554322580645161	0.125677419354839	0.0701935483870968	0.249806451612903
17	0.10848774656306	0.224148236700538	0.0660490137477585	0.601315002988643
18	0.504257072232903	0.0442186212578962	0.0889865421587476	0.362537764350453
