Pos	A	C	G	T
1	0.270681265206813	0.166492874522072	0.147810218978102	0.415015641293014
2	0.271361883499087	0.056626750558149	0.649888370204993	0.0221229957377715
3	0.176971072036302	0.0947249007373795	0.0420549388218135	0.686249088404505
4	0.405720957384705	0.49659466822339	0.0156969579036129	0.0819874164882922
5	0.915836322572074	0.023183207121031	0.0189318453567158	0.0420486249501794
6	0.876459583252693	0.0307722082446294	0.0134184891297336	0.0793497193729437
7	0.00201516169273582	0.158813933403704	0.00431820362729105	0.834852701276269
8	0.810571322344776	0.00452348494237204	0.184905192712852	0.0
9	0.0674913409203365	0.0232558139534884	0.0229589312221672	0.886293913904008
10	0.0276306222083723	0.0167237976524359	0.0204632803573283	0.935182299781864
11	0.172991658525588	0.0185616592770722	0.381603667242805	0.426843014954535
12	0.66241348179356	0.0398435148961781	0.114956364730665	0.182786638579597
13	0.0185936184864948	0.637692248833116	0.0657280587650164	0.277986073915372
14	0.362255428052506	0.187154297036242	0.164203748039297	0.286386526871956
