Pos	A	C	G	T
1	0.611402588317594	0.111577474641483	0.242392444910808	0.0346274921301154
2	0.0266264068075762	0.110074114740598	0.0307438923963766	0.832555586055449
3	0.450731707317073	0.0315447154471545	0.511219512195122	0.00650406504065041
4	0.139690871974337	0.63021289005541	0.0437445319335083	0.186351706036745
5	0.0809476801579467	0.00987166831194472	0.536031589338598	0.37314906219151
6	0.00291970802919708	0.00218978102189781	0.97956204379562	0.0153284671532847
7	0.000740466493891151	0.00703443169196594	0.990744168826361	0.0014809329877823
8	0.000360880548538434	0.253699025622519	0.0194875496210754	0.726452544207867
9	0.583155194527576	0.00513039760581445	0.408294142796067	0.00342026507054297
10	0.0130103185284881	0.969941677882459	0.0152534768954688	0.00179452669358457
11	0.00459558823529412	0.980238970588235	0.00919117647058824	0.00597426470588235
12	0.360284769895754	0.508517670989067	0.0099160945842868	0.121281464530892
13	0.0441097364174287	0.0414201183431953	0.725927918235611	0.188542227003765
14	0.0115769712140175	0.688986232790989	0.02909887359199	0.270337922403004
15	0.774579439252336	0.116261682242991	0.0183177570093458	0.0908411214953271
16	0.180739706908583	0.213189113747383	0.183356594556874	0.42271458478716
