Pos	A	C	G	T
1	0.734538050394502	0.048358360906083	0.158310002545177	0.0587935861542377
2	0.574350086655113	0.109878682842288	0.0859618717504333	0.229809358752166
3	0.40953276889307	0.030730636563186	0.495453120100345	0.0642834744433992
4	0.188141105829372	0.0810607955966975	0.00875656742556918	0.722041531148361
5	0.890191239975324	0.0999383096853794	0.00771128932757557	0.00215916101172116
6	0.953104359313078	0.0175033025099075	0.0105680317040951	0.0188243064729194
7	0.958485552972434	0.0026569246097642	0.0365327133842577	0.00232480903354367
8	0.00412938747419133	0.363730213351686	0.00275292498279422	0.629387474191328
9	0.983975451755881	0.0129560177292874	0.00306853051483123	0.0
10	0.946850393700787	0.0173884514435696	0.0170603674540682	0.0187007874015748
11	0.885547714022706	0.0251610923596195	0.032832157103406	0.0564590365142682
12	0.109282422646478	0.633311389071758	0.0447662936142199	0.212639894667544
13	0.847826086956522	0.045828437132785	0.0646298472385429	0.0417156286721504
