Pos	A	C	G	T
1	0.205091937765205	0.0217821782178218	0.770862800565771	0.00226308345120226
2	0.0631266770230193	0.0282445982205903	0.00861460245728004	0.90001412229911
3	0.859163719575619	0.115872685666736	0.000624089868941127	0.024339504888704
4	0.971929036604536	0.0116775207725129	0.00134740624298226	0.0150460363799686
5	0.990508474576271	0.00361581920903955	0.00180790960451977	0.00406779661016949
6	0.00609756097560976	0.880008710801394	0.000871080139372822	0.113022648083624
7	0.994138863841298	0.000901713255184851	0.0018034265103697	0.00315599639314698
8	0.650564174894217	0.0054654442877292	0.339562764456982	0.00440761636107193
9	0.157718982789622	0.0210634472129463	0.0051374261494991	0.816080143847932
10	0.630006906077348	0.311809392265193	0.0150207182320442	0.0431629834254144
11	0.946378378378378	0.0322162162162162	0.0121081081081081	0.0092972972972973
12	0.892174612753973	0.0716153691410179	0.0146851740092537	0.0215248440957554
13	0.0872796772138458	0.844977702272245	0.00424718623911659	0.063495434274793
14	0.97011395398839	0.00537518813158461	0.0146205117179101	0.00989034616211567
