Pos	A	C	G	T
1	0.0543933054393305	0.0753138075313808	0.0105377343871068	0.859755152642182
2	0.914581893572909	0.00995162404975812	0.0410504492052522	0.0344160331720802
3	0.987345454545455	0.00392727272727273	0.00421818181818182	0.00450909090909091
4	0.0154109589041096	0.0179794520547945	0.0287671232876712	0.937842465753425
5	0.0235898986844095	0.12067140480871	0.0574625737184334	0.798276122788447
6	0.210840674929073	0.0237419740182171	0.690906375989249	0.0745109750634613
7	0.0950742767787334	0.36137607505864	0.391868647380766	0.151681000781861
8	0.25557033588294	0.139674093781177	0.120053209178583	0.4847023611573
9	0.277794762050341	0.155202282686233	0.120350555385713	0.446652399877713
10	0.179065461278728	0.153142359220129	0.163489815924191	0.504302363576952
11	0.190188248716486	0.159954363947519	0.116942384483742	0.532915002852253
12	0.0426910299003322	0.0614617940199336	0.0101328903654485	0.885714285714286
13	0.830368651714359	0.0110853312709461	0.0787574117040474	0.0797886053106471
14	0.989909039226833	0.00298465036952814	0.00355315520181922	0.00355315520181922
15	0.0096221133659902	0.0202939118264521	0.046186144156753	0.923897830650805
16	0.0527298180121325	0.0713952403173122	0.0846165811168144	0.791258360553741
17	0.30185621685327	0.0212139068945197	0.634207424867413	0.0427224513847967
18	0.134723086496577	0.377722464219042	0.343186060983198	0.144368388301182
