Pos	A	C	G	T
1	0.030684500393391	0.0527143981117231	0.004720692368214	0.911880409126672
2	0.960208741030659	0.00130463144161774	0.0293542074363992	0.0091324200913242
3	0.997997329773031	0.0	0.000667556742323097	0.00133511348464619
4	0.000859106529209622	0.0077319587628866	0.0541237113402062	0.937285223367698
5	0.00682852807283763	0.128224582701062	0.0409711684370258	0.823975720789074
6	0.22887323943662	0.0132042253521127	0.685739436619718	0.0721830985915493
7	0.0711430855315747	0.371702637889688	0.413269384492406	0.143884892086331
8	0.27978478093774	0.146810146041507	0.0684089162182936	0.50499615680246
9	0.324921135646688	0.115141955835962	0.0804416403785489	0.479495268138801
10	0.118811881188119	0.120668316831683	0.141707920792079	0.618811881188119
11	0.186881188118812	0.115717821782178	0.0705445544554455	0.626856435643564
12	0.0214876033057851	0.0272727272727273	0.00495867768595041	0.946280991735537
13	0.875743162901308	0.00237812128418549	0.0606420927467301	0.0612366230677765
14	0.999374217772215	0.0	0.000625782227784731	0.0
15	0.00344234079173838	0.0137693631669535	0.0292598967297762	0.953528399311532
16	0.0328677074774035	0.0295809367296631	0.0419063270336894	0.895645028759244
17	0.214220601640839	0.0118505013673655	0.741112123974476	0.03281677301732
18	0.173824130879346	0.505112474437628	0.21881390593047	0.102249488752556
