Pos	A	C	G	T
1	0.0766453762843654	0.0205498472646487	0.0044432102193835	0.898361566231602
2	0.900612472160356	0.00334075723830735	0.0180957683741648	0.0779510022271715
3	0.986581274778896	0.003354681305276	0.00548947849954254	0.00457456541628545
4	0.408801696712619	0.0291622481442206	0.113202545068929	0.448833510074231
5	0.112558368149422	0.322929466699435	0.0924059965593512	0.472106168591792
6	0.157261592300962	0.0336832895888014	0.707567804024497	0.101487314085739
7	0.206800618238022	0.269551777434312	0.276043276661515	0.247604327666151
8	0.148377125193199	0.289335394126739	0.136321483771252	0.42596599690881
9	0.207109737248841	0.27789799072643	0.348686244204019	0.166306027820711
10	0.198702101359703	0.319530284301607	0.13627935723115	0.34548825710754
11	0.0816158285243199	0.0225336630942567	0.00687001923605386	0.88898048914537
12	0.862896772472659	0.00373432915444118	0.0178714323819685	0.115497465990931
13	0.986280487804878	0.0024390243902439	0.00304878048780488	0.00823170731707317
14	0.438283124500133	0.0205278592375367	0.11703545721141	0.42415355905092
15	0.0925312261024726	0.350242161611012	0.0828447616619934	0.474381850624522
16	0.187304890738814	0.0301768990634755	0.673257023933403	0.109261186264308
