Pos	A	C	G	T
1	0.148591244039879	0.55851755526658	0.193281317728652	0.0996098829648895
2	0.109666478236292	0.414054007044397	0.428186285167631	0.0480932295516807
3	0.0476845934519713	0.548323665322977	0.0355913872775538	0.368400353947498
4	0.00554737914638288	0.000905694554511491	0.00203781274765085	0.991509113551455
5	0.989337157822535	0.002681299494918	0.00698384984722828	0.000997692835318326
6	0.985941128475491	0.00640180756919601	0.00659009602711354	0.00106696792819933
7	0.000966897963826641	0.00255943578659993	0.00460698441587988	0.991866681833694
8	0.00579561042524005	0.504526748971193	0.373765432098765	0.115912208504801
9	0.0371221648813912	0.0410251962357431	0.904809401968863	0.0170432369140032
10	0.288786703070365	0.0671552426114863	0.622407434018298	0.0216506202998515
11	0.709154481881755	0.00254291163382072	0.0129688493324857	0.275333757151939
12	0.88569658047434	0.00264773815559687	0.00309841699059208	0.108557264379472
13	0.879124696075026	0.0174829223109876	0.00289452356142179	0.100497858052565
14	0.597339141696592	0.23100017660564	0.15364690645788	0.0180137752398893
15	0.00555791060242099	0.988271866610146	0.00324996467429702	0.00292025811313645
16	0.0657792376177716	0.0594692713285504	0.87362779842683	0.00112369262684761
17	0.989602141834257	0.00709793910715398	0.000747151484963576	0.00255276757362555
18	0.000911732862271355	0.000455866431135677	0.00153854920508291	0.99709385150151
19	0.000660611065235343	0.00165152766308836	0.000660611065235343	0.997027250206441
20	0.990379173740804	0.00081745582594479	0.00144626799974848	0.00735710243350311
21	0.181288981288981	0.020010395010395	0.788721413721414	0.00997920997920998
