Pos	A	C	G	T
1	0.063752276867031	0.0837887067395264	0.0619307832422587	0.790528233151184
2	0.578467153284672	0.041970802919708	0.206204379562044	0.173357664233577
3	0.75	0.0347826086956522	0.117391304347826	0.0978260869565217
4	0.0789473684210526	0.0928792569659443	0.165634674922601	0.662538699690402
5	0.083969465648855	0.0870229007633588	0.201526717557252	0.627480916030534
6	0.412017167381974	0.0450643776824034	0.5	0.0429184549356223
7	0.0661896243291592	0.470483005366726	0.459749552772809	0.0035778175313059
8	0.176733780760626	0.25503355704698	0.261744966442953	0.306487695749441
9	0.0368932038834951	0.446601941747573	0.0446601941747573	0.471844660194175
10	0.606271777003484	0.193379790940767	0.130662020905923	0.0696864111498258
11	0.65	0.128571428571429	0.110714285714286	0.110714285714286
12	0.0728241563055062	0.108348134991119	0.0710479573712256	0.747779751332149
13	0.123076923076923	0.0871794871794872	0.114529914529915	0.675213675213675
14	0.689108910891089	0.0415841584158416	0.158415841584158	0.110891089108911
