Pos	A	C	G	T
1	0.142498430634024	0.30947897049592	0.189579409918393	0.358443188951664
2	0.0483432916892993	0.0733297121129821	0.0135795763172189	0.8647474198805
3	0.813490035769034	0.0899335717935616	0.0510986203372509	0.0454777721001533
4	0.956156156156156	0.012012012012012	0.0138138138138138	0.018018018018018
5	0.0244186046511628	0.0215116279069767	0.0284883720930233	0.925581395348837
6	0.0452328159645233	0.0594235033259424	0.189356984478936	0.705986696230599
7	0.636631330977621	0.0206124852767962	0.300942285041225	0.0418138987043581
8	0.199748743718593	0.356155778894472	0.263819095477387	0.180276381909548
9	0.162060301507538	0.366206030150754	0.163316582914573	0.308417085427136
10	0.227871939736347	0.287507846829881	0.328939108600126	0.155681104833647
11	0.0783715012722646	0.359287531806616	0.110941475826972	0.451399491094148
12	0.0744456177402323	0.0728616684266103	0.0121436114044351	0.840549102428722
13	0.859611231101512	0.0863930885529158	0.0296976241900648	0.0242980561555076
14	0.964848484848485	0.0096969696969697	0.0151515151515152	0.0103030303030303
15	0.0245901639344262	0.0140515222482436	0.0292740046838408	0.932084309133489
16	0.0451556334940815	0.0762823323103902	0.180622533976326	0.697939500219202
17	0.597762073027091	0.0147232037691402	0.340400471142521	0.0471142520612485
18	0.179020100502513	0.364949748743719	0.280778894472362	0.175251256281407
