Pos	A	C	G	T
1	0.191336649247623	0.189510797708242	0.305924573443304	0.313227979600831
2	0.386867970412402	0.035312594994427	0.159995946904448	0.417823487688722
3	0.90687450039968	0.0210117620189563	0.0507022953066119	0.0214114422747516
4	0.0375316601427585	0.914287358968455	0.0210108220124338	0.0271701588763528
5	0.920380135597149	0.0179057773657067	0.0445616271657878	0.0171524598713566
6	0.0807086614173228	0.337120359955006	0.0259842519685039	0.556186726659168
7	0.259136393299978	0.0213182510332826	0.604633456602132	0.114911899064607
8	0.838595564941922	0.0316789862724393	0.0563357972544879	0.073389651531151
9	0.0751537576878844	0.794189709485474	0.0343517175858793	0.096304815240762
10	0.779074900671997	0.0421837445430912	0.0801000637661255	0.0986412910187865
11	0.329917355371901	0.200283353010626	0.0496340023612751	0.420165289256198
12	0.157841717559655	0.21633192721778	0.484480261915255	0.14134609330731
