Pos	A	C	G	T
1	0.137784446111528	0.216304076019005	0.0722680670167542	0.573643410852713
2	0.630208333333333	0.192447916666667	0.0815104166666667	0.0958333333333333
3	0.860997547015536	0.0523303352412101	0.0332515671845189	0.0534205505587353
4	0.0161195779601407	0.037221570926143	0.0208089097303634	0.925849941383353
5	0.0732957457713993	0.0633008713480267	0.0538185545873911	0.809584828293183
6	0.848509266720387	0.0185334407735697	0.0325006715014773	0.100456621004566
7	0.364956195244055	0.14468085106383	0.425782227784731	0.0645807259073842
8	0.100969123281497	0.428442641424386	0.187063331079558	0.283524904214559
9	0.159009759581052	0.0402285170197572	0.0487979052606522	0.751963818138538
10	0.870727673649394	0.0195700110253583	0.0680815876515987	0.0416207276736494
11	0.932683790965456	0.0132860938883968	0.0434012400354296	0.0106288751107174
12	0.0935104752171691	0.0388349514563107	0.0605518650996423	0.807102708226878
13	0.143147208121827	0.0550761421319797	0.292639593908629	0.509137055837563
14	0.592091295116773	0.0578556263269639	0.246284501061571	0.103768577494692
