Pos	A	C	G	T
1	0.210865191146881	0.320724346076459	0.20523138832998	0.26317907444668
2	0.113826167646149	0.0890813485926384	0.0284565419115373	0.768635941849675
3	0.816628327308577	0.0111731843575419	0.0831416365428853	0.0890568517909957
4	0.994397759103641	0.00120048019207683	0.00160064025610244	0.00280112044817927
5	0.00544111931597357	0.0147687524290711	0.0139914496696463	0.965798678585309
6	0.0288107202680067	0.0525963149078727	0.0860971524288107	0.83249581239531
7	0.520746018440905	0.203897736797988	0.224015088013412	0.0513411567476949
8	0.558902275769746	0.125836680053548	0.272423025435074	0.0428380187416332
9	0.750755287009063	0.0712990936555891	0.10785498489426	0.0700906344410876
10	0.00277337559429477	0.00832012678288431	0.0043581616481775	0.984548335974643
11	0.09657594381036	0.151302311969564	0.0248756218905473	0.727246122329529
12	0.784406565656566	0.0470328282828283	0.0606060606060606	0.107954545454545
13	0.285426731078905	0.241545893719807	0.272946859903382	0.200080515297907
