Pos	A	C	G	T
1	0.04036552494905	0.025639339951351	0.00532509368220367	0.928670041417395
2	0.00280693875259642	0.066636725986639	0.928928310784259	0.00162802447650592
3	0.908902557461962	0.00511492392359987	0.0275817416639689	0.0584007769504694
4	0.00457807473397674	0.949764909675823	0.0290150952734472	0.0166419203167533
5	0.985294117647059	0.00198358413132695	0.010875512995896	0.00184678522571819
6	0.0691275876637093	0.00496408956485002	0.794359949302915	0.131548373468526
7	0.0293124742692466	0.411527377521614	0.542033758748456	0.0171263894606834
8	0.00334828902430858	0.0112502511216768	0.00616085180472778	0.979240608049287
9	0.0149402976295512	0.00723486853714487	0.950414681489324	0.0274101523439798
10	0.082421450054393	0.0363473475395149	0.0116465092468164	0.869584693159276
11	0.00316153662610356	0.89650441422095	0.0865545215938917	0.0137795275590551
12	0.879697778935713	0.0224711782713476	0.0555591741027812	0.0422718686901583
