Pos	A	C	G	T
1	0.200884599919582	0.193566546039405	0.259509449135505	0.346039404905509
2	0.0959354044067333	0.0385247023402217	0.0146434925413987	0.850896400711646
3	0.760317945582391	0.0111892387649037	0.111525527361663	0.116967288291042
4	0.992418196328811	0.000877893056664006	0.00510774142059058	0.00159616919393456
5	0.0267757270693512	0.0715883668903803	0.0322986577181208	0.869337248322148
6	0.0404361961528041	0.205161202926036	0.117312381468437	0.637090219452723
7	0.267310012062726	0.170004020908725	0.227422597507037	0.335263369521512
8	0.510475286460099	0.103871448911791	0.332632720862431	0.053020543765679
9	0.765890613451589	0.0227888642522789	0.153670854890367	0.057649667405765
10	0.00119942427634735	0.00263873340796418	0.00183911722373261	0.994322725091956
11	0.0664214183527488	0.074255739491791	0.0121942911642482	0.847128550991212
12	0.73956226953729	0.0161769953610087	0.0642321874628286	0.180028547638872
13	0.234418978689184	0.170406111781263	0.291435464414958	0.303739445114596
