Pos	A	C	G	T
1	0.0458658988070753	0.0631427396133279	0.00473056355409297	0.886260798025504
2	0.782645925503068	0.0201227344084487	0.0196945911231626	0.17753674896532
3	0.903407314785871	0.0189121600500156	0.0554860894029384	0.0221944357611754
4	0.0542760221389038	0.0810569541153365	0.106766648812712	0.757900374933048
5	0.0769797421731123	0.0740331491712707	0.0839779005524862	0.765009208103131
6	0.218960611052868	0.0401377864310319	0.710948030552643	0.0299535719634566
7	0.200615284974093	0.259715025906736	0.476522020725389	0.0631476683937824
8	0.0605117565698479	0.47320193637621	0.225103734439834	0.241182572614108
9	0.0174334140435835	0.774334140435835	0.0180790960451977	0.190153349475383
10	0.797075208913649	0.0898328690807799	0.0366295264623955	0.0764623955431755
11	0.773415887234883	0.113555526281122	0.0583585825319457	0.0546700039520485
12	0.0219660722053067	0.0567638103523271	0.019573727707699	0.901696389734667
13	0.286708758296908	0.0378824672170957	0.0178079974097458	0.657600777076251
14	0.869665690956709	0.00570020027730704	0.0899707287012787	0.034663380064705
