Pos	A	C	G	T
1	0.268479091603887	0.274374931761109	0.185828147177639	0.271317829457364
2	0.148176814585483	0.0444616443068455	0.0196078431372549	0.787753697970416
3	0.879416282642089	0.00844854070660522	0.0522273425499232	0.0599078341013825
4	0.987388164277245	0.00258704322518055	0.00689878193381481	0.00312601056375984
5	0.0477189781021898	0.0932481751824818	0.0232664233576642	0.835766423357664
6	0.0318880031110247	0.283783783783784	0.0775811783006028	0.606747034804589
7	0.374017467248908	0.176091703056769	0.198580786026201	0.251310043668122
8	0.674528301886792	0.0602167804094741	0.24468085106383	0.0205740666399037
9	0.892178825362813	0.0184084932307393	0.0712963864809584	0.0181162949254894
10	0.00343864173651408	0.00924134966688158	0.00300881151944982	0.984311197077155
11	0.116689993002099	0.0687543736878936	0.013296011196641	0.801259622113366
12	0.881701799980749	0.0138608143228415	0.0320531331215709	0.0723842525748388
13	0.40382096069869	0.181550218340611	0.247052401746725	0.167576419213974
