Pos	A	C	G	T
1	0.100090171325518	0.320108205590622	0.250676284941389	0.329125338142471
2	0.0425531914893617	0.24468085106383	0.0187734668335419	0.693992490613267
3	0.565816326530612	0.0755102040816327	0.339285714285714	0.0193877551020408
4	0.943027210884354	0.0178571428571429	0.0272108843537415	0.0119047619047619
5	0.00177304964539007	0.0132978723404255	0.00177304964539007	0.983156028368794
6	0.0269814502529511	0.291736930860034	0.0578976953344576	0.623383923552558
7	0.644767441860465	0.0255813953488372	0.27093023255814	0.0587209302325581
8	0.229936880072137	0.171325518485122	0.475202885482417	0.123534715960325
9	0.132432432432432	0.325225225225225	0.265765765765766	0.276576576576577
10	0.205590622182146	0.21370604147881	0.42200180342651	0.158701532912534
11	0.0928764652840397	0.363390441839495	0.219116321009919	0.324616771866546
12	0.0484496124031008	0.213178294573643	0.0219638242894057	0.71640826873385
13	0.573422957600827	0.0889348500517063	0.316959669079628	0.0206825232678387
14	0.945439045183291	0.0153452685421995	0.0213128729752771	0.0179028132992327
15	0.00260416666666667	0.0173611111111111	0.0173611111111111	0.962673611111111
16	0.016364699006429	0.277030976037405	0.0584453535943892	0.648158971361777
17	0.623383923552558	0.0219224283305228	0.290612703766161	0.0640809443507589
18	0.262398557258792	0.176735798016231	0.422903516681695	0.137962128043282
