Pos	A	C	G	T
1	0.0501295336787565	0.024740932642487	0.00919689119170984	0.915932642487047
2	0.536687631027254	0.00475192173305381	0.451572327044025	0.00698812019566737
3	0.988674496644295	0.00251677852348993	0.00657158836689038	0.00223713646532438
4	0.0152111910905881	0.00964280863778351	0.0148037484720902	0.960342251799538
5	0.016304347826087	0.00747282608695652	0.0154891304347826	0.960733695652174
6	0.110546536125914	0.00867517660180939	0.87631676787706	0.00446151939521626
7	0.00858864248173311	0.906422253557236	0.00576849121907448	0.0792206127419562
8	0.970624571036376	0.0131777625257378	0.00782429649965683	0.00837336993822924
9	0.973296627666896	0.0134893324156917	0.00536820371644873	0.00784583620096352
10	0.00334354973530231	0.00821955976595152	0.00334354973530231	0.985093340763444
11	0.00946943322657012	0.514970059880239	0.00584876758111684	0.469711739312074
12	0.931497826373337	0.0122513502832301	0.0173890133052299	0.0388618100382031
