Pos	A	C	G	T
1	0.0433287482806052	0.00596056854653829	0.000229252636405319	0.950481430536451
2	0.918882978723404	0.00199468085106383	0.00709219858156028	0.0720301418439716
3	0.989971346704871	0.000716332378223496	0.00764087870105062	0.00167144221585482
4	0.424952097083245	0.0161805407707047	0.101128379816904	0.457738982329146
5	0.0902	0.3508	0.0806	0.4784
6	0.136682464454976	0.0157345971563981	0.785971563981043	0.0616113744075829
7	0.154124457308249	0.317414375301495	0.304872165943078	0.223589001447178
8	0.101568154402895	0.331483715319662	0.119420989143546	0.447527141133896
9	0.17776169802219	0.317414375301495	0.369753979739508	0.135069946936807
10	0.184318455971049	0.366465621230398	0.130759951749095	0.318455971049457
11	0.0419821059876118	0.00642349162651984	0.000458820830465703	0.951135581555403
12	0.899544369711434	0.0	0.0062920373182903	0.0941635929702755
13	0.997593840230991	0.0	0.00120307988450433	0.00120307988450433
14	0.457562220804084	0.0127632418634333	0.105296745373325	0.424377791959158
15	0.0689796756312872	0.389447752001642	0.0798603982755081	0.461712174091562
16	0.154646704400219	0.018623333941939	0.756983750228227	0.0697462114296147
