Pos	A	C	G	T
1	0.994812450119713	0.000997605746209098	0.00418994413407821	0.0
2	0.00222277105458138	0.000740923684860459	0.8713262533959	0.125710051864658
3	0.00769625448948179	0.000641354540790149	0.982170343766034	0.0094920472036942
4	0.00498099357713986	0.0235941801022414	0.0638353650543977	0.907589461266221
5	0.00101095197978096	0.934962089300758	0.00690817186183656	0.0571187868576243
6	0.931155877175826	0.00117347936632114	0.0653236847252102	0.00234695873264228
7	0.439903013508833	0.265673709733287	0.0990647731208867	0.195358503636993
8	0.295108259823577	0.205292702485966	0.267842822774659	0.231756214915798
9	0.233751608751609	0.314993564993565	0.206563706563707	0.24469111969112
10	0.171078806426932	0.213925019127774	0.27513389441469	0.339862280030604
11	0.255971644321159	0.120203421174295	0.337340114039143	0.286484820465403
12	0.00497583167472278	0.0462041512652829	0.00170599943133352	0.947114017628661
13	0.0695965617634826	0.00693192846249827	0.922916955497019	0.000554554276999861
14	0.894652191395255	0.0751909931644552	0.0301568154402895	0.0
15	0.0134447674418605	0.971838662790698	0.0	0.0147165697674419
16	0.187755828439224	0.807972948923296	0.000533902829684997	0.00373731980779498
17	0.000551343900758098	0.00206753962784287	0.0	0.997381116471399
