Pos	A	C	G	T
1	0.165659500290529	0.0830912260313771	0.459093550261476	0.292155723416618
2	0.00388586010903607	0.028766964389282	0.00429184549356223	0.96305533000812
3	0.0393634005188585	0.017461584514069	0.93923368589104	0.00394132907603273
4	0.754352557127312	0.0111534276387378	0.0233269858541893	0.211167029379761
5	0.00164925783397471	0.995846313603323	0.00213792682181907	0.000366501740883269
6	0.00122369065100343	0.995594713656388	0.00263093489965737	0.000550660792951542
7	0.000628966779118303	0.132426096403454	0.00377380067470982	0.863171136142718
8	0.021791201729275	0.27493135479348	0.193725536016825	0.509551907460419
9	0.767330227304814	0.00324721163348863	0.220316250176479	0.00910631088521813
10	0.230835433700129	0.18614372656298	0.263662629864142	0.319358209872748
11	0.00390343502282008	0.165805909200096	0.0177155897189527	0.812575066058131
12	0.618029802440833	0.105859348661587	0.262760434225609	0.0133504146719709
13	0.932125088841507	0.00177683013503909	0.0654584221748401	0.000639658848614073
14	0.000559910414333707	0.000305405680545658	0.993942787335844	0.00519189656927619
15	0.000404653515427415	0.000151745068285281	0.986342943854325	0.0131006575619626
16	0.111472468318941	0.0148592575978468	0.0169900190647079	0.856678255018504
17	0.0080883221159523	0.926850867871059	0.0423308537017357	0.0227299563112528
18	0.952610327973365	0.00212509740029751	0.0437061698661189	0.00155840476021818
19	0.216487095965923	0.419193184665497	0.114695565021298	0.249624154347281
