Pos	A	C	G	T
1	0.536990595611285	0.0573667711598746	0.347962382445141	0.0576802507836991
2	0.796715927750411	0.025944170771757	0.176354679802956	0.000985221674876847
3	0.000769230769230769	0.0	0.997692307692308	0.00153846153846154
4	0.00037243947858473	0.0	0.949720670391061	0.0499068901303538
5	0.00137409824802473	0.00377877018206802	0.0106492614221917	0.984197870147716
6	0.000504668180671209	0.992429977289932	0.00403734544536967	0.00302800908402725
7	0.992463069038288	0.00150738619234248	0.00572806753090142	0.000301477238468496
8	0.364220493743659	0.289144403111261	0.0764288129861346	0.270206290158945
9	0.21407135711904	0.458486162054018	0.231077025675225	0.0963654551517172
10	0.194407894736842	0.339144736842105	0.0822368421052632	0.384210526315789
11	0.624370352602543	0.090669225233869	0.069561045814344	0.215399376349244
12	0.484321550741163	0.127993158494869	0.353762827822121	0.0339224629418472
13	0.798195242001641	0.0303527481542248	0.170631665299426	0.000820344544708778
14	0.000385951370127364	0.0	0.998456194519491	0.00115785411038209
15	0.00036563071297989	0.0	0.89981718464351	0.0998171846435101
16	0.00426287744227353	0.00426287744227353	0.00603907637655417	0.985435168738899
17	0.00075642965204236	0.990418557740797	0.0037821482602118	0.00504286434694907
18	0.993591610836003	0.000582580833090591	0.00582580833090591	0.0
