Pos	A	C	G	T
1	0.378486055776892	0.239043824701195	0.119952621944654	0.262517497577259
2	0.0922243656328832	0.689123015284167	0.0304941385962309	0.188158480486719
3	0.0348464481439355	0.00279185192844587	0.960397063385379	0.00196463654223969
4	0.988716201830956	0.00574835001064509	0.00340642963593783	0.00212901852246115
5	0.970330129544505	0.000417885499373172	0.00114918512327622	0.0281027998328458
6	0.995925369933519	0.000536135535063264	0.000107227107012653	0.00343126742440489
7	0.0474321788090769	0.792356253199113	0.123016550076779	0.0371950179150316
8	0.0118420047368019	0.709603483841393	0.000534800213920086	0.278019711207884
9	0.0155736836529293	0.000423773704841615	0.984002542642229	0.0
10	0.992307692307692	0.0061965811965812	0.00128205128205128	0.000213675213675214
11	0.936195947989114	0.000201592581393005	0.00322548130228808	0.0603769781272049
12	0.986615678776291	0.000637348629700446	0.00116847248778415	0.0115785001062248
13	0.0306466972556489	0.804086226300753	0.152021470002597	0.0132456064410008
14	0.0915076982666796	0.366611794325554	0.00919918659823763	0.532681320809528
