Pos	A	C	G	T
1	0.481362649806549	0.118901575917713	0.319335661036142	0.0804001132395961
2	0.811669057867049	0.0113821138211382	0.0689622190339551	0.107986609277857
3	0.749051107776503	0.0867684702974667	0.0391914555565363	0.124988966369494
4	0.334315342917747	0.236507188310158	0.170162620787179	0.259014847984916
5	0.105859590934218	0.781831582826608	0.0744426018057859	0.0378662244333886
6	0.0479336991824392	0.000335983872774107	0.95038638145369	0.00134393549109643
7	0.997062624838444	0.000117495006462225	0.00270238514863118	0.000117495006462225
8	0.990198366394399	0.000466744457409568	0.000350058343057176	0.00898483080513419
9	0.994258933801992	0.000234329232571763	0.000351493848857645	0.00515524311657879
10	0.553164150337295	0.0898383124531534	0.00149908983831245	0.355498447371239
11	0.00194954128440367	0.0185779816513761	0.00630733944954128	0.973165137614679
12	0.0101717902350814	0.959086799276673	0.00101717902350814	0.0297242314647378
13	0.0646576387564372	0.0677093267213427	0.809269502193401	0.0583635323288194
14	0.3114541597926	0.210346452981381	0.218006127739807	0.260193259486213
15	0.118115221126888	0.0458533055982635	0.0685538572849778	0.767477615989871
16	0.118244502422661	0.0760342899739098	0.0150018635855386	0.79071934401789
17	0.112821458198912	0.31551295050235	0.104986634712877	0.46667895658586
