Pos	A	C	G	T
1	0.580452127659574	0.0212765957446809	0.301529255319149	0.0967420212765957
2	0.0695517774343122	0.901597114889232	0.0267903142709943	0.0020607934054611
3	0.096286701208981	0.739637305699482	0.152849740932642	0.0112262521588946
4	0.0107462686567164	0.0026865671641791	0.985671641791045	0.000895522388059702
5	0.00216606498194946	0.0036101083032491	0.0458483754512635	0.948375451263538
6	0.00227272727272727	0.00265151515151515	0.00189393939393939	0.993181818181818
7	0.823974512146555	0.00796495420151334	0.13142174432497	0.0366387893269614
8	0.431202600216685	0.162874684001445	0.341278439869989	0.0646442759118815
9	0.709594882729211	0.00341151385927505	0.272494669509595	0.014498933901919
10	0.789697908597986	0.0302091402013943	0.108830364058869	0.0712625871417506
11	0.0697786333012512	0.886910490856593	0.026948989412897	0.0163618864292589
12	0.0681719496309162	0.797655232305688	0.0972644376899696	0.036908380373426
13	0.0255947003914484	0.000903342366757001	0.973200843119542	0.000301114122252334
14	0.00104858441104509	0.0094372596994058	0.0789933589653967	0.910520796924152
15	0.00448933782267116	0.0108492330714553	0.00112233445566779	0.983539094650206
16	0.769172648281073	0.0324896108802418	0.127691726482811	0.0706460143558746
