Pos	A	C	G	T
1	0.49604743083004	0.118577075098814	0.347826086956522	0.0375494071146245
2	0.770089285714286	0.0334821428571429	0.196428571428571	0.0
3	0.0253807106598985	0.0228426395939086	0.941624365482233	0.0101522842639594
4	0.0075	0.0075	0.855	0.13
5	0.0415754923413567	0.0262582056892779	0.074398249452954	0.857768052516411
6	0.0385208012326656	0.893682588597843	0.0277349768875193	0.0400616332819723
7	0.921875	0.005859375	0.06640625	0.005859375
8	0.461538461538462	0.246153846153846	0.0549450549450549	0.237362637362637
9	0.0657596371882086	0.374149659863946	0.310657596371882	0.249433106575964
10	0.434883720930233	0.127906976744186	0.158139534883721	0.27906976744186
11	0.375	0.171296296296296	0.412037037037037	0.0416666666666667
12	0.678571428571429	0.0647321428571429	0.243303571428571	0.0133928571428571
13	0.0255813953488372	0.151162790697674	0.797674418604651	0.0255813953488372
14	0.0148148148148148	0.0148148148148148	0.792592592592593	0.177777777777778
15	0.0369515011547344	0.0508083140877598	0.0554272517321016	0.856812933025404
16	0.051792828685259	0.818061088977424	0.0889774236387782	0.0411686586985392
17	0.900369003690037	0.03690036900369	0.0516605166051661	0.011070110701107
