Pos	A	C	G	T
1	0.76367461430575	0.0168302945301543	0.219495091164095	0.0
2	0.0	0.0	0.998657718120805	0.00134228187919463
3	0.0	0.00131233595800525	0.952099737532808	0.0465879265091864
4	0.00509770603228547	0.00934579439252336	0.0144435004248088	0.971112999150382
5	0.00495049504950495	0.98019801980198	0.00445544554455446	0.0103960396039604
6	0.979577464788732	0.0112676056338028	0.00774647887323944	0.00140845070422535
7	0.220836390315481	0.291269258987528	0.0616287600880411	0.426265590608951
8	0.146694214876033	0.297520661157025	0.402203856749311	0.153581267217631
9	0.0991233985165206	0.456507080242751	0.105866486850978	0.33850303438975
10	0.641160949868074	0.0778364116094987	0.130606860158311	0.150395778364116
11	0.731795241528479	0.0122566690699351	0.250901225666907	0.00504686373467916
12	0.797450424929179	0.0113314447592068	0.190509915014164	0.000708215297450425
13	0.00136892539356605	0.0	0.995893223819302	0.0027378507871321
14	0.000674308833445718	0.00472016183412003	0.971004720161834	0.0236008091706001
15	0.00687876182287188	0.00945829750644884	0.0111779879621668	0.972484952708512
16	0.0020253164556962	0.973670886075949	0.0131645569620253	0.0111392405063291
17	0.9750656167979	0.00196850393700787	0.0164041994750656	0.00656167979002625
