Pos	A	C	G	T
1	0.600612088752869	0.0260137719969396	0.342004590665647	0.0313695485845448
2	0.48503937007874	0.0480314960629921	0.284251968503937	0.182677165354331
3	0.0602910602910603	0.853776853776854	0.0589050589050589	0.027027027027027
4	0.0686337395766517	0.790250160359205	0.121872995509942	0.0192431045542014
5	0.00403877221324717	0.0	0.995153473344103	0.000807754442649435
6	0.00708103855232101	0.004720692368214	0.018882769472856	0.969315499606609
7	0.0	0.0072522159548751	0.0	0.992747784045125
8	0.633744855967078	0.0380658436213992	0.0396090534979424	0.28858024691358
9	0.96024941543258	0.0241621200311769	0.0124707716289945	0.00311769290724864
10	0.894698620188816	0.027596223674655	0.0203340595497458	0.0573710965867829
11	0.0111464968152866	0.980891719745223	0.00477707006369427	0.00318471337579618
12	0.0463038180341186	0.339561332250203	0.379366368805849	0.234768480909829
13	0.0535248041775457	0.0802872062663185	0.804177545691906	0.0620104438642298
14	0.146623794212219	0.29967845659164	0.0610932475884244	0.492604501607717
15	0.0310077519379845	0.507751937984496	0.013953488372093	0.447286821705426
