Pos	A	C	G	T
1	0.515542077331312	0.0932524639878696	0.0530705079605762	0.338134950720243
2	0.175015852885225	0.0811667723525682	0.0298034242232086	0.714013950538998
3	0.125597269624573	0.0334470989761092	0.768600682593857	0.0723549488054608
4	0.377260981912145	0.592592592592593	0.00344530577088717	0.0267011197243755
5	0.900079936051159	0.052757793764988	0.0223820943245404	0.0247801758593125
6	0.0164502164502165	0.00432900432900433	0.00432900432900433	0.974891774891775
7	0.788515406162465	0.0189075630252101	0.0413165266106443	0.151260504201681
8	0.712658227848101	0.060126582278481	0.0246835443037975	0.20253164556962
9	0.461292897047087	0.0670391061452514	0.034317637669593	0.437350359138069
10	0.091339648173207	0.0412719891745602	0.105548037889039	0.761840324763194
11	0.278222222222222	0.134222222222222	0.0471111111111111	0.540444444444444
12	0.655031995346131	0.0831878999418266	0.10587550901687	0.155904595695172
