Pos	A	C	G	T
1	0.907793829142144	0.00713393971820938	0.0713393971820938	0.0137328339575531
2	0.961877867984469	0.0104129897635016	0.0206494881750794	0.00705965407695023
3	0.0174992045816099	0.0287941457206491	0.930480432707604	0.0232262169901368
4	0.00271970083290838	0.00611932687404386	0.985891551929288	0.00526942036375999
5	0.0432195975503062	0.0089238845144357	0.113035870516185	0.834820647419073
6	0.0059593023255814	0.893023255813953	0.0178779069767442	0.0831395348837209
7	0.727460528257341	0.00649254832521765	0.212630957650878	0.0534159657665634
8	0.236569274269557	0.133081998114986	0.0784165881244109	0.551932139491046
9	0.201261166579086	0.218208092485549	0.112191276931161	0.468339464004204
10	0.0492214304565848	0.792557403008709	0.118105040907891	0.0401161256268145
11	0.980102130656806	0.000880436696601514	0.0160239478781476	0.00299348476844515
12	0.993811881188119	0.00159123055162659	0.00442008486562942	0.000176803394625177
13	0.00154030463802841	0.000513434879342803	0.970905356837241	0.0270409036453876
14	0.000174125021765628	0.000522375065296883	0.994079749259969	0.00522375065296883
15	0.0530445164591506	0.00272897833873444	0.0996077093638069	0.844618795838308
16	0.000887180245453201	0.898861452018335	0.0180393316575484	0.0822120360786633
17	0.906168407310705	0.00293733681462141	0.0843668407310705	0.00652741514360313
