Pos	A	C	G	T
1	0.184437801029729	0.193157282843381	0.451918285999003	0.170486630127886
2	0.0098459294375057	0.0401130458565047	0.00246148235937642	0.947579542346613
3	0.0312378281529952	0.0626314559476513	0.86959569992989	0.0365350159694633
4	0.668971757254572	0.0173851224714018	0.0200348995023589	0.293608220771667
5	0.00383929795694502	0.991018785136432	0.00493624023035788	0.000205676676264912
6	0.00117916348754942	0.993479919539433	0.00499410418256225	0.000346812790455712
7	0.000444800284672182	0.0955431011475847	0.00124544079708211	0.902766657770661
8	0.0172628304821151	0.407776049766718	0.125505443234837	0.44945567651633
9	0.820009606807109	0.00885198655047005	0.164001921361422	0.00713648528099911
10	0.304497963520453	0.1012041792102	0.140074375774748	0.454223481494599
11	0.294136861015842	0.201780173117753	0.314470031030541	0.189612934835865
12	0.000926862150320189	0.19994944388271	0.0120492079541625	0.787074486012807
13	0.53066141042488	0.121331581252738	0.304862023653088	0.0431449846692948
14	0.89476408815264	0.00428930631563378	0.100502884188729	0.000443721342996598
15	0.00121114251110214	0.00944691158659669	0.988050060557126	0.00129188534517562
16	0.000321181949574434	0.00248916010920186	0.993656656495905	0.00353300144531877
17	0.148763965866104	0.0195302190551597	0.0144277293920999	0.817278085686637
18	0.0051631820499745	0.952893931667517	0.0198878123406425	0.0220550739418664
19	0.951834328705499	0.00279221282866672	0.0425812456371675	0.00279221282866672
20	0.326966655875688	0.333926837164131	0.0948527031401748	0.244253803820006
