Pos	A	C	G	T
1	0.0470162748643761	0.0569620253164557	0.83996383363472	0.0560578661844485
2	0.811353711790393	0.062882096069869	0.0447598253275109	0.0810043668122271
3	0.791648913506604	0.0504899872177248	0.0443118875159778	0.113549211759693
4	0.152852529601722	0.382400430570506	0.178955866523143	0.285791173304629
5	0.292249730893434	0.166038751345533	0.436221743810549	0.105489773950484
6	0.0816993464052288	0.0240429505135388	0.026844070961718	0.867413632119514
7	0.046796256299496	0.00719942404607631	0.0542356611471082	0.891768658507319
8	0.000804936946605849	0.997048564529112	0.00187818620874698	0.000268312315535283
9	0.00716845878136201	0.231827956989247	0.228243727598566	0.532759856630824
10	0.541769937308646	0.210817903484473	0.235748651406911	0.0116635077999708
11	0.00311122634171636	0.0184080891884885	0.963443090484833	0.0150375939849624
12	0.82688028482421	0.0829995549621718	0.0164663996439697	0.0736537605696484
13	0.72991553722255	0.0683559222156747	0.0516597917894323	0.150068748772343
