Pos	A	C	G	T
1	0.534322820037106	0.0695732838589982	0.12708719851577	0.269016697588126
2	0.352281825460368	0.032826261008807	0.104883907125701	0.510008006405124
3	0.0971385542168675	0.042921686746988	0.0481927710843374	0.811746987951807
4	0.953138815207781	0.00972590627763042	0.0106100795755968	0.026525198938992
5	0.0210970464135021	0.0278481012658228	0.0413502109704641	0.909704641350211
6	0.0183946488294314	0.00836120401337793	0.90133779264214	0.0719063545150502
7	0.0178685386088066	0.687938736439056	0.0753031269942565	0.218889597957881
8	0.467220683287165	0.00369344413665743	0.000923361034164358	0.528162511542013
9	0.865863453815261	0.00883534136546185	0.0618473895582329	0.0634538152610442
10	0.968553459119497	0.00539083557951483	0.0134770889487871	0.0125786163522013
11	0.0455717970765262	0.0171969045571797	0.0103181427343078	0.926913155631986
12	0.141509433962264	0.0831367924528302	0.139740566037736	0.63561320754717
13	0.419405320813772	0.066510172143975	0.0899843505477308	0.424100156494523
