Pos	A	C	G	T
1	0.281493854553614	0.189125177632071	0.274114332726683	0.255266635087632
2	0.234407251189087	0.122902270483712	0.254733913667773	0.387956564659427
3	0.0104942965779468	0.135969581749049	0.00612167300380228	0.847414448669202
4	0.014135364833326	0.00242194724558545	0.98141705931569	0.00202562860539874
5	0.0927147024737242	0.00619430124285657	0.890660592255125	0.010430404028294
6	0.993226079593565	0.00369891706404029	0.00151521903828156	0.00155978430411337
7	0.000939597315436242	0.997181208053691	0.00125279642058166	0.000626398210290828
8	0.00057567974492959	0.0115135948985918	0.000974227260650075	0.986936498095829
9	0.00156480529351276	0.00165422273885635	0.000357669781374346	0.996423302186257
10	0.000746891612846536	0.0191995079302315	0.000878696015113571	0.979174904441808
11	0.0220929215154432	0.00161868929915128	0.975019686761746	0.00126870242365911
12	0.165112929089773	0.0629195770934689	0.605740222324899	0.16622727149186
13	0.956893220557297	0.0356790176463011	0.00103044094285346	0.00639732085354858
14	0.0128380464993162	0.983235540653814	0.00158821193805973	0.00233820090881016
15	0.00930950805206265	0.494021619236709	0.00736818883741452	0.489300683873814
16	0.0717490801399982	0.431167549133985	0.176657991564211	0.320425379161806
