Pos	A	C	G	T
1	0.402665226003962	0.207275346659463	0.0596074194129299	0.330452007923645
2	0.00530240265120133	0.0969345484672742	0.511681855840928	0.386081193040597
3	0.0137262079062958	0.000732064421669107	0.985541727672035	0.0
4	0.461037848946737	0.00171262202431923	0.537249529028943	0.0
5	0.99935149156939	0.0	0.000648508430609598	0.0
6	0.961490424646128	0.0281015820149875	0.00166527893422148	0.00874271440466278
7	0.689734339127583	0.18612659888488	0.0596917021974418	0.0644473597900951
8	0.474869451697128	0.117330287206266	0.148172323759791	0.259627937336815
9	0.235518777848504	0.065404201145767	0.166772756206238	0.532304264799491
10	0.396768120489489	0.141669281455915	0.133354251647317	0.32820834640728
11	0.526402640264026	0.0198019801980198	0.0676567656765677	0.386138613861386
12	0.0804225592094053	0.214346566706424	0.291872550690066	0.413358323394105
13	0.0433268858800774	0.000193423597678917	0.0543520309477756	0.902127659574468
14	0.0012970168612192	0.00216169476869866	0.0	0.996541288370082
15	0.000215703192407248	0.0045297670405522	0.000647109577221743	0.994607420189819
16	0.0	0.992955909209497	0.00026089225150013	0.00678319853900339
17	0.00186683260734287	0.99673304293715	0.0	0.00140012445550716
18	0.745901639344262	0.0145719489981785	0.225713418336369	0.01381299332119
19	0.030516717325228	0.306261398176292	0.0293009118541033	0.633920972644377
20	0.134049674123657	0.189889025893958	0.180729258411133	0.495332041571252
