Pos	A	C	G	T
1	0.893463017416874	0.0052778406092136	0.0732865867450803	0.0279725552288321
2	0.0079727476987751	0.980937885047474	0.00905994056678988	0.00202942668696093
3	0.645480347467102	0.110346607035349	0.0135030532381526	0.230669992259396
4	0.00465856152709919	0.00806726508351324	0.00261333939325077	0.984660833996137
5	0.000388048117966628	0.0	0.997826930539387	0.00178502134264649
6	0.0146066172402346	0.154254730552174	0.00276640478034746	0.828372247427244
7	0.0950023950183618	0.667651285326521	0.00678588535845441	0.230560434296663
8	0.319807366449657	0.261482208151253	0.109515740658165	0.309194684740926
9	0.154428251121076	0.27914798206278	0.17479446935725	0.391629297458894
10	0.38694885361552	0.184744268077601	0.188977072310406	0.239329805996473
11	0.104394005528881	0.0561617925214608	0.802051505892623	0.0373926960570348
12	0.874334319526627	0.00207100591715976	0.11405325443787	0.00954142011834319
13	0.0163574403634987	0.979326012873911	0.00181749337372207	0.00249905338886785
14	0.508318823757013	0.0423679628554846	0.00580383052814858	0.443509382859354
15	0.00049800796812749	0.0077191235059761	0.00597609561752988	0.985806772908366
16	0.000605693519079346	0.0	0.999394306480921	0.0
17	0.0242458736482641	0.0915196357427433	0.000796812749003984	0.883437677859989
