Pos	A	C	G	T
1	0.11381490707032	0.360988695152328	0.371048093504503	0.154148304272849
2	0.0360199714693295	0.000534950071326676	0.961216119828816	0.00222895863052782
3	0.00672043010752688	0.0118279569892473	0.00739247311827957	0.974059139784946
4	0.179195620130554	0.108759738892398	0.00863339650452727	0.703411244472521
5	0.315873819163293	0.0287618083670715	0.542594466936572	0.112769905533063
6	0.00185328185328185	0.831737451737452	0.0162934362934363	0.15011583011583
7	0.000599880023995201	0.763647270545891	0.0014247150569886	0.234328134373125
8	0.954121798932223	0.00732965342502941	0.0131209845262872	0.0254275631164601
9	0.0334317937701396	0.015843179377014	0.0107411385606874	0.939983888292159
10	0.215721572157216	0.00172517251725173	0.782103210321032	0.00045004500450045
11	0.108066602004526	0.00864856126737795	0.882395732298739	0.000889104429356612
12	0.117791411042945	0.535158093440302	0.0272770174610665	0.319773478055687
13	0.724332032422696	0.00517862503752627	0.0928399879915941	0.177649354548184
14	0.972989837760742	0.00454626493136031	0.0162239258334819	0.00623997147441612
15	0.00195010969367027	0.948484602258877	0.000487527423417567	0.0490777606240351
16	0.193471264367816	0.265011494252874	0.440091954022989	0.101425287356322
