Pos	A	C	G	T
1	0.133483314585677	0.520809898762655	0.244469441319835	0.101237345331834
2	0.783038501560874	0.00208116545265349	0.165452653485952	0.0494276795005203
3	0.918238993710692	0.0142938822184105	0.065180102915952	0.00228702115494568
4	0.00954446854663774	0.0	0.880260303687636	0.110195227765727
5	0.00599400599400599	0.0	0.992007992007992	0.001998001998002
6	0.160897123354461	0.00780107264748903	0.119453924914676	0.711847879083374
7	0.00080450522928399	0.808930008045052	0.0716009654062751	0.118664521319389
8	0.821528424976701	0.00279589934762349	0.164026095060578	0.0116495806150979
9	0.316666666666667	0.194791666666667	0.122395833333333	0.366145833333333
10	0.271577789994502	0.206706981858164	0.239142385926333	0.282572842221001
11	0.0708693860733416	0.224969097651422	0.130613926658426	0.573547589616811
12	0.124805598755832	0.470062208398134	0.375194401244168	0.0299377916018663
13	0.829280397022332	0.0	0.114640198511166	0.0560794044665012
14	0.961630695443645	0.0065947242206235	0.0311750599520384	0.000599520383693046
15	0.0323426573426573	0.0	0.88986013986014	0.0777972027972028
16	0.00555275113579	0.0	0.985360928823826	0.00908632004038364
17	0.115015974440895	0.00266240681576145	0.0883919062832801	0.793929712460064
18	0.0	0.786532951289398	0.0626790830945559	0.150787965616046
19	0.784855769230769	0.00240384615384615	0.194310897435897	0.0184294871794872
