Pos	A	C	G	T
1	0.433264415345739	0.0595566276131404	0.37692396048702	0.130254996554101
2	0.761994491955356	0.00840701550949413	0.176329902884476	0.053268589650674
3	0.00218616401088224	0.956519626894676	0.000631558492032647	0.0406626506024096
4	0.882013750277223	0.0150809492126857	0.0482738227249205	0.0546314777851704
5	0.0809889173060529	0.0177133655394525	0.00648858577247324	0.894809131382021
6	0.000392099201097878	9.80248002744694e-05	0.999509875998628	0.0
7	0.0125301699789452	0.616956811996097	0.00559749396600421	0.364915524058953
8	0.0569230056088629	0.801279376999027	0.0193297177026839	0.122467899689427
9	0.0604381103193455	0.626814462918976	0.11353919239905	0.199208234362629
10	0.221360004598494	0.0847272518250273	0.572167615106053	0.121745128470426
11	0.151019720209001	0.031855722231586	0.751980448339794	0.0651441092196191
12	0.440121429899015	0.00161080478285112	0.546496499597299	0.0117712657208351
13	0.0	0.999741668819426	0.000206664944458796	5.1666236114699e-05
14	0.892179195140471	0.017256850969835	0.0108373024090564	0.0797266514806378
15	0.0917269802975473	0.0059308403699236	0.00447326095697628	0.897868918375553
16	0.0155885016923297	0.00157315154693235	0.979596701148877	0.00324164561186061
17	0.0396088680605624	0.150414563806777	0.00522710886806056	0.8047494592646
18	0.0714563106796117	0.445776699029126	0.0400485436893204	0.442718446601942
