Pos	A	C	G	T
1	0.0602635350919104	0.432456559458848	0.0307918625996429	0.476488042849599
2	0.0103158171874439	0.00940630198298249	0.0628403202450904	0.917437560584483
3	0.000137680705926529	0.000137680705926529	0.999511859315351	0.000212779272795544
4	0.00846117058455652	0.000122625660645747	0.986977154839422	0.00443904891537603
5	0.180226876306642	0.790875465442805	0.0151539517795069	0.0137437064710467
6	0.363495799239211	0.169918721436195	0.224747543854848	0.241837935469746
7	0.232236008771332	0.323504174554964	0.195911251549284	0.248348565124419
8	0.24916046530371	0.245762028853128	0.259718453644252	0.245359052198909
9	0.243892740214467	0.177060827379611	0.331826677093965	0.247219755311957
10	0.118879237037276	0.0852197500565118	0.0793532900614633	0.716547722844749
11	0.00908174610596756	0.00915448320292611	0.863420513939545	0.118343256751561
12	0.00330782010205293	0.990432538269847	0.000459831494007357	0.0057998101340928
13	8.97249928967714e-05	0.999656054193896	1.49541654827952e-05	0.000239266647724724
14	0.90573017894243	0.0712954895784465	0.0131358488036995	0.0098384826754239
15	0.701346683836184	0.0449376000385111	0.160181964786444	0.0935337513388613
