Pos	A	C	G	T
1	0.291977360524661	0.088042404096667	0.558260713323152	0.0617195220555206
2	0.360193465960942	0.00584048183975178	0.633783537141814	0.000182515057492243
3	0.00845959595959596	0.000757575757575758	0.98459595959596	0.00618686868686869
4	0.0070398153491056	0.000230813618003462	0.845816503173687	0.146912867859204
5	0.000278357689631176	0.00250521920668058	0.0196242171189979	0.97759220598469
6	0.00126606934164394	0.847682119205298	0.0607713283989092	0.0902804830541488
7	0.993167461647544	0.0	0.00670362253448498	0.000128915817970865
8	0.933397286556119	0.00137042620254899	0.0331643141016856	0.0320679731396464
9	0.903129445234708	0.000711237553342817	0.0960170697012802	0.000142247510668563
10	0.00107898144151921	0.0	0.99665515753129	0.00226586102719033
11	0.00337623971301962	0.000105507491031863	0.877927832876134	0.118590419919814
12	0.000664010624169987	0.00305444887118194	0.0225763612217795	0.973705179282868
13	0.0115717335130884	0.768340635883609	0.101224581507696	0.118863049095607
14	0.890292935094773	0.0127512923607122	0.087421022400919	0.00953475014359564
