Pos	A	C	G	T
1	0.633031301482702	0.0745469522240527	0.271416803953872	0.021004942339374
2	0.620091970286523	0.0926777502652989	0.192783869826671	0.0944464096215069
3	0.0715065502183406	0.00436681222707424	0.917303493449782	0.00682314410480349
4	0.00884053043182591	0.060183611016661	0.0591635498129888	0.871812308738524
5	0.0	0.90154711673699	0.0137130801687764	0.0847398030942335
6	0.892670157068063	0.00479930191972077	0.0846422338568935	0.0178883071553229
7	0.640274765003615	0.0903832248734635	0.113159797541576	0.156182212581345
8	0.310826542491269	0.0620876988746605	0.251067132324408	0.376018626309662
9	0.912373403786878	0.00968736239542052	0.0286217525319243	0.0493174812857772
10	0.885175664095973	0.0299914310197087	0.057840616966581	0.0269922879177378
11	0.00684345594525235	0.000285143997718848	0.992015968063872	0.000855431993156544
12	0.0	0.122513089005236	0.0286212914485166	0.848865619546248
13	0.00244072524407252	0.886331938633194	0.0247559274755927	0.0864714086471409
14	0.888468013468014	0.0101010101010101	0.0938552188552189	0.00757575757575758
