Pos	A	C	G	T
1	0.308410223777707	0.0585427935093859	0.60568459009439	0.0273623926185173
2	0.465022935779817	0.0134174311926606	0.51295871559633	0.00860091743119266
3	0.00913031448861016	0.0198284607580928	0.952688370377202	0.0183528543760952
4	0.0118863986934035	0.0199618909354868	0.911714000544415	0.0564377098266945
5	0.0101650563607085	0.0227455716586151	0.0255636070853462	0.94152576489533
6	0.0058168522519528	0.951304636862224	0.0199434934352667	0.0229350174505568
7	0.822911517548196	0.0100098863074642	0.157686604053386	0.00939199209095403
8	0.0112238922506344	0.141616240484091	0.00566074565684169	0.841499121608433
9	0.0199000370233247	0.0158274713069234	0.95353572750833	0.0107367641614217
10	0.918825339830726	0.0212875096178507	0.0307771223390613	0.0291100282123621
11	0.0517896097600388	0.910883089601681	0.0203603458026986	0.0169669548355821
12	0.0283564356435644	0.930138613861386	0.0253465346534653	0.0161584158415842
13	0.0140625	0.541727941176471	0.0202205882352941	0.423988970588235
14	0.0255338078291815	0.598220640569395	0.0648576512455516	0.311387900355872
