Pos	A	C	G	T
1	0.314248479582971	0.0271937445699392	0.338053866203301	0.320503909643788
2	0.611609342662856	0.0422785059623534	0.325613481817286	0.0204986695575047
3	0.0	1.0	0.0	0.0
4	0.908807967631497	0.0128644050212678	0.0577860773939205	0.0205415499533147
5	0.233735380116959	0.017848440545809	0.049098440545809	0.699317738791423
6	0.0006765899864682	0.0023680649526387	0.996870771312585	8.4573748308525e-05
7	0.0088411316648531	0.176210554951034	0.00618879216539717	0.808759521218716
8	0.105355776587605	0.624407039020658	0.0599081866870696	0.210328997704667
9	0.187078942822595	0.253929866989117	0.192606667818276	0.366384522370012
10	0.292592903279926	0.202835332606325	0.298464893884741	0.206106870229008
11	0.301481705473239	0.0333383731478682	0.589431508920472	0.0757484124584215
12	0.828092783505155	0.0124570446735395	0.121477663230241	0.0379725085910653
13	0.0	1.0	0.0	0.0
14	0.787999066075181	0.0111292707603705	0.0217137520429605	0.179157911121488
15	0.0172657988804209	0.402306602819181	0.00876778849396371	0.571659809806434
16	0.00120745604105351	0.0128292204361935	0.983020149422685	0.00294317410006792
17	0.0657050221663469	0.459471977767485	0.0119764441209555	0.462846555945213
18	0.337260181756984	0.431252103668798	0.0436721642544598	0.187815550319758
