Pos	A	C	G	T
1	0.870815015218126	0.0101454176530267	0.076541539848946	0.0424980272799008
2	0.000888987665296144	0.97521946882987	0.0207800866762974	0.0031114568285365
3	0.508695037466422	0.134313586879683	0.00113106178424996	0.355860313869645
4	0.0117455728225515	0.00379472352728587	0.00216841344416335	0.982291290205999
5	0.00924884389451319	0.000874890638670166	0.989001374828146	0.000874890638670166
6	0.0702328014648182	0.232409102798849	0.00261574679571018	0.694742348940623
7	0.0723216822961068	0.52358624609264	0.0137823245240125	0.390309747087241
8	0.282758620689655	0.332301196340605	0.126389866291344	0.258550316678396
9	0.362384031487208	0.307703120607253	0.0588979477087433	0.271014900196795
10	0.191916211830653	0.345773712937011	0.0778875940404189	0.384422481191916
11	0.296492943970938	0.120441525778958	0.345955009082018	0.237110521168087
12	0.10713097482533	0.206942442053898	0.583231673505601	0.102694909615171
13	0.800585621970921	0.00787560581583199	0.155997576736672	0.0355411954765751
14	0.00729660707770887	0.990149580445093	0.0	0.0025538124771981
15	0.465157996412309	0.166275700289775	0.000827928798123361	0.367738374499793
16	0.0024390243902439	0.00345528455284553	0.000203252032520325	0.99390243902439
17	0.000727360892229361	0.00012122681537156	0.999030185477027	0.00012122681537156
18	0.0549254698639015	0.131885936487362	0.00469863901490603	0.80848995463383
