Pos	A	C	G	T
1	0.309987819732034	0.14068209500609	0.0968331303288672	0.452496954933009
2	0.463362068965517	0.10614224137931	0.328125	0.102370689655172
3	0.834605597964377	0.0508905852417303	0.101781170483461	0.0127226463104326
4	0.00272479564032698	0.985467756584923	0.00908265213442325	0.00272479564032698
5	0.0	0.989963503649635	0.00821167883211679	0.00182481751824818
6	0.238190286094478	0.00332667997338656	0.727877578176979	0.0306054557551564
7	0.0	0.980392156862745	0.0089126559714795	0.0106951871657754
8	0.718025430067315	0.050112191473448	0.151832460732984	0.0800299177262528
9	0.422395833333333	0.0859375	0.238020833333333	0.253645833333333
10	0.528818443804035	0.0605187319884726	0.10806916426513	0.302593659942363
11	0.632472826086957	0.063179347826087	0.140625	0.163722826086957
12	0.803453947368421	0.0690789473684211	0.115131578947368	0.0123355263157895
13	0.0104257167680278	0.955690703735882	0.0130321459600348	0.0208514335360556
14	0.023728813559322	0.936440677966102	0.0305084745762712	0.00932203389830509
15	0.300938337801609	0.0207774798927614	0.634048257372654	0.0442359249329759
16	0.0307941653160454	0.889789303079417	0.020259319286872	0.0591572123176661
17	0.706847360912982	0.0677603423680457	0.144079885877318	0.0813124108416548
18	0.401702786377709	0.0828173374613003	0.305727554179567	0.209752321981424
