Pos	A	C	G	T
1	0.154997814366895	0.264825877895964	0.110665889552674	0.469510418184467
2	0.107544100452443	0.182883432464033	0.69777845559453	0.011794011488994
3	3.16225532049458e-05	0.868102330582171	0.1310754830345	0.000790563830123644
4	0.00786374215388956	0.968051343536216	0.00927427886310741	0.0148106354467875
5	0.0029504972134193	0.560885877681856	0.0854187156230649	0.35074490948166
6	0.0530016027976104	0.350174850648404	0.273022002039924	0.323801544514061
7	0.337158051943321	0.253779186245583	0.361089862674389	0.0479728991367064
8	0.351717605915996	0.0819642271684092	0.56362245455539	0.00269571236020546
9	0.0137590403951314	0.00846710178161933	0.968495325454225	0.00927853236902452
10	0.00465749952474495	0.125150497433623	0.86978011532856	0.000411887713072682
11	0.0135368956743003	0.69852417302799	0.183282442748092	0.104656488549618
12	0.483680606148914	0.100575550050998	0.266610811598426	0.149133032201661
