Pos	A	C	G	T
1	0.328571428571429	0.167857142857143	0.0892857142857143	0.414285714285714
2	0.187335092348285	0.00527704485488127	0.746701846965699	0.0606860158311346
3	0.0618279569892473	0.0833333333333333	0.825268817204301	0.0295698924731183
4	0.631756756756757	0.0844594594594595	0.0202702702702703	0.263513513513513
5	0.971929824561404	0.0280701754385965	0.0	0.0
6	0.00390625	0.0078125	0.0	0.98828125
7	0.00992555831265509	0.0446650124069479	0.694789081885856	0.250620347394541
8	0.0159744408945687	0.431309904153355	0.0543130990415335	0.498402555910543
9	0.263513513513513	0.287162162162162	0.263513513513513	0.185810810810811
10	0.392592592592593	0.196296296296296	0.0444444444444444	0.366666666666667
11	0.2109375	0.015625	0.744791666666667	0.0286458333333333
12	0.0513513513513514	0.0567567567567568	0.875675675675676	0.0162162162162162
13	0.808641975308642	0.0	0.0216049382716049	0.169753086419753
14	1.0	0.0	0.0	0.0
15	0.0	0.0	0.0	1.0
16	0.00522193211488251	0.0156657963446475	0.74934725848564	0.22976501305483
17	0.0459016393442623	0.39344262295082	0.0163934426229508	0.544262295081967
