Pos	A	C	G	T
1	0.147216613787136	0.0997404095760023	0.65791750793193	0.0951254687049322
2	0.0119666301969365	0.0289250547045952	0.932781728665208	0.0263265864332604
3	0.00454452960727125	0.0940785457505257	0.00847860001356576	0.892898324628637
4	0.00490265738240728	0.00241580218843257	0.989910473213017	0.00277106721614324
5	0.0944156240463839	0.153005797985963	0.0102532804394263	0.742325297528227
6	0.0637999532601075	0.0499532601075017	0.729259172703903	0.156987613928488
7	0.961200585651537	0.00292825768667643	0.0250993516000837	0.0107718050617026
8	0.384541893570268	0.197764402407567	0.0799656061908856	0.337728097831279
9	0.313292542342822	0.10853950518755	0.169903343087701	0.408264609381928
10	0.018435793802737	0.0155286109338439	0.00709068992412962	0.95894490533929
11	0.212309706989687	0.61376657390735	0.111720412506138	0.0622033065968244
12	0.721231902251234	0.012134906686752	0.177671771696376	0.0889614193656373
13	0.00163303394377697	0.988918698238656	0.00478245654963257	0.00466581126793421
14	0.873760932944606	0.00612244897959184	0.115063168124393	0.00505344995140914
15	0.02636783124588	0.931333772797187	0.0343880465831685	0.00791034937376401
16	0.086103938024532	0.626291155584248	0.107569399612653	0.180035506778567
