Pos	A	C	G	T
1	0.147927183723421	0.231910662383356	0.104329202998317	0.515832950894906
2	0.152252670692058	0.204180213655365	0.607245703669299	0.0363214119832791
3	0.0115044247787611	0.826422250316056	0.144627054361568	0.0174462705436157
4	0.0125458133634057	0.921482943332394	0.00986749365661122	0.0561037496475895
5	0.0149938800489596	0.51438188494492	0.109088127294982	0.361536107711138
6	0.0815483476132191	0.317931456548348	0.259944920440636	0.340575275397797
7	0.353067156187854	0.244760593544439	0.324919687930243	0.0772525623374637
8	0.365055079559364	0.100061199510404	0.518818849449204	0.0160648714810282
9	0.0544477443077358	0.0117380851364729	0.924480271531608	0.00933389902418328
10	0.0185656154628688	0.138606307222787	0.831256358087487	0.0115717192268566
11	0.0330310880829016	0.604829755736491	0.20660621761658	0.155532938564027
12	0.52937576499388	0.0976132190942472	0.227509179926561	0.145501835985312
