Pos	A	C	G	T
1	0.031459987782529	0.0470372632864997	0.0204642638973732	0.901038485033598
2	0.250063791783618	0.547843837713702	0.156927787700944	0.0451645828017351
3	0.720598469032707	0.0135699373695198	0.196938065414057	0.0688935281837161
4	0.000401284109149278	0.989967897271268	0.00240770465489567	0.007223113964687
5	0.852115460656386	0.011071569790431	0.136022143139581	0.000790826413602214
6	0.0332451832262939	0.913864752550057	0.0374008311295807	0.0154892330940688
7	0.136329209795506	0.545316839182025	0.158545821762181	0.159808129260288
8	0.105590062111801	0.167453416149068	0.0504347826086957	0.676521739130435
9	0.272006044578768	0.179826218360408	0.169625991688704	0.378541745372119
10	0.221635883905013	0.289860535243121	0.253298153034301	0.235205427817565
11	0.247751124437781	0.206896551724138	0.266491754122939	0.278860569715142
12	0.373470948012232	0.0951834862385321	0.311162079510703	0.220183486238532
13	0.658428390367554	0.0522813688212928	0.173320659062104	0.115969581749049
14	0.152591973244147	0.148202341137124	0.549958193979933	0.149247491638796
15	0.0222684085510689	0.041270783847981	0.898456057007126	0.0380047505938242
16	0.00740529763600114	0.207917972087724	0.0207917972087724	0.763884933067502
17	0.00163934426229508	0.00426229508196721	0.993114754098361	0.000983606557377049
18	0.0768060836501901	0.197211660329531	0.020532319391635	0.705449936628644
19	0.046751968503937	0.0927657480314961	0.698572834645669	0.161909448818898
20	0.912656692276587	0.0121310149615851	0.0525677315002022	0.0226445612616256
