Pos	A	C	G	T
1	0.822217079379773	0.0175885211756538	0.108771117796806	0.0514232816477667
2	0.112713947771232	0.0430910524606893	0.803052089614546	0.0411429101535322
3	0.000957650563949777	0.00680995956586508	0.987976165141519	0.00425622472866567
4	0.00141419635572478	0.0425890671743269	0.00533043241773185	0.950666304052217
5	0.00101398228199381	0.00208133205251361	0.995890703383499	0.00101398228199381
6	0.0442049934296978	0.0472010512483574	0.00530880420499343	0.903285151116951
7	0.0378784926542224	0.120065468999649	0.64872764116753	0.193328397178598
8	0.983807162825044	0.00105490795928055	0.0102326072050214	0.00490532201065457
9	0.681400384002614	0.016871604232199	0.190612361616079	0.111115650149107
10	0.157946963216424	0.257656116338751	0.533721129170231	0.0506757912745937
11	0.00131389336271934	0.0763753496651691	0.749724506230398	0.172586250741714
12	0.0040232454179705	0.26092981671882	0.00867232901206974	0.72637460885114
13	0.00184618630657242	0.00121320814431902	0.995832893765165	0.00110771178394345
14	0.030086717428088	0.0708016074450085	0.00449450084602369	0.89461717428088
15	0.0166162532768703	0.132930026214963	0.679975801572898	0.170477918935269
16	0.983560209424084	0.00319371727748691	0.0104188481675393	0.00282722513089005
