Pos	A	C	G	T
1	0.00066412086999834	0.28399468703304	0.00622613315623443	0.709115058940727
2	0.0388349514563107	0.601772899957788	0.00303925707049388	0.356352891515407
3	0.00132085855806274	0.00220143093010457	0.0114474408365438	0.985030269675289
4	0.0237117780294451	0.937216874292186	0.037797281993205	0.00127406568516421
5	0.754945924558164	0.00290160907412292	0.233359711597644	0.00879275477006946
6	0.000362765725894218	0.99876659653196	0.000362765725894218	0.000507872016251904
7	0.970492866407263	0.0204280155642023	0.00575551232166018	0.00332360570687419
8	0.000217517401392111	0.999564965197216	0.0	0.000217517401392111
9	0.275101927993919	0.675696220026259	0.00684126874438532	0.0423605832354364
10	0.000888198068169202	0.00521816365049406	0.00488508937493061	0.989008548906406
11	0.000548596507268904	0.595958672396452	0.0320928956752309	0.371399835421048
12	0.418938017363214	0.0508782556026651	0.0462346052897234	0.483949121744397
13	0.381168634574629	0.0690281562216167	0.481885154909678	0.0679180542940761
14	0.916774636079567	0.0466427863729899	0.0290374209282829	0.00754515661916012
15	0.0710564238997894	0.000443409821527547	0.916749806008203	0.01175036027048
16	0.000356548609460423	0.000831946755407654	0.998217256952698	0.000594247682434039
17	0.00102191438628364	0.00840240717610991	0.00079482230044283	0.989780856137164
18	0.000945961925032517	0.00260139529383942	0.994797209412321	0.00165543336880691
19	8.825346394846e-05	0.231753596328656	0.00026476039184538	0.76789338981555
20	0.00108330625067707	0.0716065431697541	0.832629184270393	0.0946809663091756
21	0.999078186541523	0.000921813458476494	0.0	0.0
22	0.918022067838169	0.00678381691867593	0.0561503882304863	0.0190437270126686
23	0.735056925996205	0.099067046173308	0.147770398481973	0.0181056293485136
