Pos	A	C	G	T
1	0.128766344513928	0.118249005116543	0.683058555997726	0.0699260943718022
2	0.00231558054912339	0.0056235527621568	0.980482963943103	0.0115779027456169
3	0.00264750378214826	0.155068078668684	0.00605143721633888	0.836232980332829
4	0.000335908632851864	0.000335908632851864	0.997984548202889	0.00134363453140746
5	0.0937723693629205	0.134216177523264	0.0408017179670723	0.731209735146743
6	0.0453641066454437	0.148030242737764	0.578989255869479	0.227616394747314
7	0.817245119305857	0.0216919739696312	0.137201735357918	0.0238611713665944
8	0.466971544715447	0.116361788617886	0.235264227642276	0.18140243902439
9	0.550675675675676	0.083976833976834	0.148166023166023	0.217181467181467
10	0.362053959965187	0.0922541340295909	0.120104438642298	0.425587467362924
11	0.197536496350365	0.158302919708029	0.240875912408759	0.403284671532847
12	0.0364176885916016	0.120029728725381	0.0256410256410256	0.817911557041992
13	0.200367647058824	0.427849264705882	0.336397058823529	0.0353860294117647
14	0.720338983050847	0.0154536390827517	0.133599202392822	0.130608175473579
15	0.0	0.998139534883721	0.0	0.00186046511627907
16	0.906174334140436	0.00423728813559322	0.0871670702179177	0.00242130750605327
17	0.0	0.97047619047619	0.0238095238095238	0.00571428571428571
18	0.0784574468085106	0.547872340425532	0.16655585106383	0.207114361702128
