Pos	A	C	G	T
1	0.361644576683798	0.146875845279957	0.162834730862862	0.328644847173384
2	0.342392752464695	0.187316813216094	0.158273381294964	0.312017053024247
3	0.288554387957967	0.203067310423175	0.246236864527123	0.262141437091735
4	0.13527397260274	0.234075342465753	0.0566780821917808	0.573972602739726
5	0.0627638615254714	0.0391218688432311	0.874472276949057	0.0236419926822404
6	0.156306797528172	0.70937840785169	0.0327153762268266	0.101599418393312
7	0.226868466219379	0.171945701357466	0.068185364331409	0.533000468091746
8	0.201709401709402	0.0772649572649573	0.496239316239316	0.224786324786325
9	0.425624526873581	0.323050719152157	0.0295230885692657	0.221801665404996
10	0.141649590163934	0.00563524590163934	0.784836065573771	0.0678790983606557
11	0.0285506895717397	0.0234696346479555	0.00604887490926688	0.941930800871038
12	0.131814787154593	0.816094100074683	0.00485436893203883	0.0472367438386856
13	0.894506866416979	0.0181023720349563	0.0480649188514357	0.0393258426966292
14	0.0349902804776451	0.00305470702582616	0.853929464037767	0.108025548458761
15	0.00625698324022346	0.963575418994413	0.0136312849162011	0.016536312849162
16	0.715619849844351	0.0241713971800037	0.180186778978209	0.0800219739974364
17	0.306608884073673	0.219934994582882	0.174160346695558	0.299295774647887
18	0.365847211208036	0.0827385672746497	0.103092783505155	0.44832143801216
19	0.358135942327497	0.0857363542739444	0.0581874356333677	0.497940267765191
