Pos	A	C	G	T
1	0.138215324927255	0.317167798254122	0.15082444228904	0.393792434529583
2	0.132120253164557	0.0253164556962025	0.815664556962025	0.0268987341772152
3	0.0289691497366441	0.775771256583898	0.0865312264860798	0.108728367193378
4	0.00335570469798658	0.0	0.98849472674976	0.00814956855225312
5	0.00412654745529574	0.0197157267308574	0.0307198532783127	0.945437872535534
6	0.998063891577928	0.000484027105517909	0.0	0.00145208131655373
7	0.944255937954435	0.01308773630635	0.028114396509937	0.0145419292292778
8	0.0945683802133851	0.359359844810863	0.337051406401552	0.2090203685742
9	0.348374575448811	0.201843765162542	0.228529839883552	0.221251819505095
10	0.108685104318292	0.524502668607472	0.317806889859292	0.0490053372149442
11	0.220174587778855	0.414161008729389	0.153734238603298	0.211930164888458
12	0.369238233867055	0.000485201358563804	0.629791363415818	0.000485201358563804
13	0.00192400192400192	0.00144300144300144	0.991822991822992	0.00481000481000481
14	0.124920331421287	0.0701083492670491	0.147864882090503	0.65710643722116
15	0.747101449275362	0.011231884057971	0.194202898550725	0.047463768115942
16	0.0195986934204386	0.0102659822678488	0.962202519832011	0.00793280447970135
17	0.0139338950097213	0.668178872326636	0.128645495787427	0.189241736876215
