Pos	A	C	G	T
1	0.173806433001587	0.273330448579259	0.0702437617193134	0.482619356699841
2	0.422178440754292	0.0163242330424993	0.00816211652124965	0.553335209681959
3	0.786654561960962	0.0160009078529278	0.169768497503404	0.0275760326827054
4	0.489613387189844	0.121465666474322	0.119590305828044	0.26933064050779
5	0.498435586994967	0.018432866276697	0.471500476125697	0.0116310706026391
6	0.11066421512296	0.0864169156515743	0.00632038611813376	0.796598483107332
7	0.930469798657718	0.063758389261745	0.00161073825503356	0.00416107382550336
8	0.962911515488262	0.0222253090707043	0.0	0.0148631754410335
9	0.987745796523226	0.00270732402393844	0.00555713878597891	0.00398974066685665
10	0.00774102744546094	0.813042458362655	0.00457424349049965	0.174642270701384
11	0.926242650988776	0.00668091929449492	0.0215125601282737	0.0455638695884554
12	0.479673863114378	0.115870463941203	0.0880799265043638	0.316375746440055
13	0.345868152274838	0.104688950789229	0.0906453110492108	0.458797585886722
