Pos	A	C	G	T
1	0.360100134796842	0.193048334296168	0.199210475640285	0.247641055266705
2	0.256691700365877	0.265838628923551	0.218756017716156	0.258713652994416
3	0.193214711391112	0.442107951643113	0.252894602417844	0.111782734547931
4	0.352082945303284	0.000745017694170237	0.64481281430434	0.00235922269820575
5	0.959889094269871	0.00378927911275416	0.0344731977818854	0.00184842883548983
6	0.00143554407120299	0.00306249401856637	0.00153124700928319	0.993970714900947
7	0.0134408602150538	0.96273637374861	0.0028735632183908	0.0209492028179459
8	0.35106318896452	0.0156617071260767	0.625624962351666	0.00765014155773749
9	0.953018902550927	0.0116535144063131	0.0196366305744173	0.0156909524683428
10	0.0206527752166697	0.0125391849529781	0.00921998893601328	0.957588050894339
11	0.728790962037752	0.0527682267911024	0.0731878464669146	0.145252964704231
12	0.447674978338307	0.198709925868875	0.112063155867912	0.241551939924906
13	0.252840362025804	0.221644521471211	0.158675139611015	0.36683997689197
14	0.262468707875987	0.237049874831504	0.219911419218178	0.280569998074331
