Pos	A	C	G	T
1	0.141935483870968	0.245161290322581	0.124193548387097	0.488709677419355
2	0.942817294281729	0.0348675034867503	0.0181311018131102	0.00418410041841004
3	0.00565770862800566	0.00424328147100424	0.00282885431400283	0.987270155586987
4	0.174174174174174	0.012012012012012	0.807807807807808	0.00600600600600601
5	0.0279605263157895	0.924342105263158	0.0328947368421053	0.0148026315789474
6	0.0675883256528418	0.00614439324116743	0.788018433179724	0.138248847926267
7	0.00171232876712329	0.00513698630136986	0.988013698630137	0.00513698630136986
8	0.00689655172413793	0.0	0.98448275862069	0.00862068965517241
9	0.0422960725075529	0.244712990936556	0.0589123867069486	0.654078549848943
10	0.405238828967643	0.155624036979969	0.334360554699538	0.104776579352851
11	0.141880341880342	0.420512820512821	0.32991452991453	0.107692307692308
12	0.0980091883614089	0.349157733537519	0.17457886676876	0.378254211332312
13	0.667185069984448	0.0388802488335925	0.241057542768274	0.0528771384136858
14	0.0118243243243243	0.974662162162162	0.0101351351351351	0.00337837837837838
15	0.0	0.993254637436762	0.00505902192242833	0.00168634064080944
16	0.127358490566038	0.828616352201258	0.00628930817610063	0.0377358490566038
17	0.00505902192242833	0.0421585160202361	0.934232715008432	0.0185497470489039
18	0.0152905198776758	0.831804281345566	0.00917431192660551	0.143730886850153
19	0.997150997150997	0.00142450142450142	0.00142450142450142	0.0
20	0.0069060773480663	0.0069060773480663	0.0276243093922652	0.958563535911602
21	0.538341158059468	0.162754303599374	0.206572769953052	0.0923317683881064
