Pos	A	C	G	T
1	0.108936484490399	0.325578532742491	0.338626292466765	0.226858690300345
2	0.450664649302929	0.0531719442343024	0.069058683670161	0.427104722792608
3	0.95463626748149	0.00188036196967916	0.00775649312492655	0.0357268774239041
4	0.0975998406533214	0.0503933871128374	0.0430236032267702	0.808983169007071
5	0.00111731843575419	0.0902793296089385	0.00100558659217877	0.907597765363129
6	0.000736648250460405	0.997298956414979	0.000736648250460405	0.00122774708410068
7	0.00133982947624848	0.989403166869671	0.00194884287454324	0.00730816077953715
8	0.000858684985279686	0.99644259077527	0.00196270853778214	0.000736015701668302
9	0.333866797981041	0.225040009848578	0.0241290163732611	0.416964175797119
10	0.419620876415559	0.0279419005416051	0.230059084194978	0.322378138847858
11	0.00122669283611384	0.000736015701668302	0.99644259077527	0.00159470068694799
12	0.00597633857787535	0.00195145749481644	0.990730576899622	0.0013416270276863
13	0.0012278978388998	0.00012278978388998	0.99742141453831	0.0012278978388998
14	0.917542076132384	0.000903648480740992	0.0800858466056704	0.00146842878120411
15	0.804735486427581	0.0428967703586289	0.0570636021398851	0.0953041410739053
16	0.0394227384723689	0.00621846767570104	0.00129062536665493	0.953068168485275
17	0.432318196596944	0.0714208301723204	0.0482280264441314	0.448032946786605
18	0.220512189115981	0.337232208815563	0.342526471312485	0.0997291307559714
