Pos	A	C	G	T
1	0.0750670241286863	0.21313672922252	0.0764075067024129	0.635388739946381
2	0.11645101663586	0.0499075785582255	0.689463955637708	0.144177449168207
3	0.979002624671916	0.00656167979002625	0.00918635170603675	0.005249343832021
4	0.0120918984280532	0.0362756952841596	0.0495767835550181	0.902055622732769
5	0.8215859030837	0.150881057268722	0.0231277533039648	0.00440528634361234
6	0.013347022587269	0.765913757700205	0.0739219712525667	0.146817248459959
7	0.153455284552846	0.0711382113821138	0.758130081300813	0.0172764227642276
8	0.00547045951859956	0.0196936542669584	0.158643326039387	0.816192560175055
9	0.910866910866911	0.043956043956044	0.0305250305250305	0.0146520146520147
10	0.00657030223390276	0.00394218134034166	0.00919842312746386	0.980289093298292
11	0.159854677565849	0.677565849227975	0.0445049954586739	0.118074477747502
12	0.623324396782842	0.0871313672922252	0.218498659517426	0.0710455764075067
