Pos	A	C	G	T
1	0.104323308270677	0.208646616541353	0.118421052631579	0.568609022556391
2	0.103872157344806	0.0762138905961893	0.654578979717271	0.165334972341733
3	0.858870967741935	0.0298387096774194	0.104032258064516	0.00725806451612903
4	0.0090684253915911	0.06760098928277	0.0453421269579555	0.877988458367683
5	0.833985904463587	0.140172278778387	0.00861393891934221	0.0172278778386844
6	0.0266323024054983	0.513745704467354	0.0575601374570447	0.402061855670103
7	0.153846153846154	0.333958724202627	0.315196998123827	0.196998123827392
8	0.229831144465291	0.24765478424015	0.228893058161351	0.293621013133208
9	0.297373358348968	0.179174484052533	0.26172607879925	0.26172607879925
10	0.0742605412208936	0.191315292636879	0.0641913152926369	0.670232850849591
11	0.0940841054882395	0.0919458303635068	0.759087669280114	0.0548823948681397
12	0.955156950672646	0.00358744394618834	0.0349775784753363	0.0062780269058296
13	0.00903861955628595	0.0673788003286771	0.0484798685291701	0.875102711585867
14	0.855421686746988	0.132530120481928	0.00562248995983936	0.00642570281124498
15	0.00624442462087422	0.562890276538805	0.0437109723461195	0.387154326494202
