Pos	A	C	G	T
1	0.226231550699636	0.262219666474986	0.293990799309948	0.21755798351543
2	0.0769169803843868	0.0773925104022191	0.0187438082028928	0.826946701010501
3	0.844208908127351	0.0192968971236701	0.0997613172053886	0.0367328775435899
4	0.969792731666512	0.00938748954363789	0.0204479970257459	0.000371781764104471
5	0.0188900410261034	0.26355890176277	0.0403047653397052	0.677246291871421
6	0.0840521372436266	0.276068621813303	0.284262986390646	0.355616254552425
7	0.262890550124593	0.243674525589419	0.251916810427449	0.241518113858539
8	0.351830553958214	0.282202415181139	0.28637147786084	0.0795955529998083
9	0.671036735424404	0.039733321401405	0.262696317508613	0.0265336256655779
10	0.00145273911617227	0.0135432775668963	0.00707624537232298	0.977927737944608
11	0.0432981316003249	0.102437043054427	0.00666125101543461	0.847603574329813
12	0.829477700930122	0.0176484617219175	0.0723030447571349	0.080570792590826
13	0.227333716695419	0.274535173471344	0.261932144910868	0.236198964922369
