Pos	A	C	G	T
1	0.200550481671463	0.268860252721131	0.355436006505692	0.175153259101714
2	0.0996835443037975	0.0859375	0.0238330696202532	0.790545886075949
3	0.735215671847696	0.0169226524418284	0.170790030350409	0.0770716453600662
4	0.996509598603839	0.00024931438544004	0.00324108701072052	0.0
5	0.0168890742285238	0.116242702251877	0.033465387823186	0.833402835696414
6	0.0643568061064132	0.137469131183118	0.199955099902716	0.598218962807753
7	0.28074565244589	0.351182284498937	0.192668585011885	0.175403478043288
8	0.170597635027165	0.27913071268776	0.510961968680089	0.0393096836049856
9	0.767841705888003	0.0217078090481222	0.168187493996734	0.0422629910671405
10	0.0013629042250031	0.00520381613183001	0.00297360921818858	0.990459670424978
11	0.0594848732624693	0.106398201144726	0.0170686835650041	0.8170482420278
12	0.769912356736974	0.023788885678513	0.0822498314552634	0.12404892612925
13	0.174505879409557	0.282086564923693	0.320490367775832	0.222917187890918
