Pos	A	C	G	T
1	0.0909090909090909	0.106243154435926	0.0460021905805038	0.75684556407448
2	0.0404411764705882	0.00367647058823529	0.0318627450980392	0.924019607843137
3	0.0167682926829268	0.63109756097561	0.00304878048780488	0.349085365853659
4	0.90738423028786	0.0851063829787234	0.00375469336670839	0.00375469336670839
5	0.00488599348534202	0.972312703583062	0.00488599348534202	0.0179153094462541
6	0.00128700128700129	0.00257400257400257	0.996138996138996	0.0
7	0.00325732899022801	0.964169381107492	0.0325732899022801	0.0
8	0.58576874205845	0.0139771283354511	0.00762388818297332	0.392630241423126
9	0.00252206809583859	0.0163934426229508	0.00126103404791929	0.979823455233291
10	0.00245700245700246	0.124078624078624	0.873464373464373	0.0
11	0.957605985037406	0.00374064837905237	0.0374064837905237	0.00124688279301746
12	0.139280125195618	0.541471048513302	0.244131455399061	0.0751173708920188
13	0.0037037037037037	0.0691358024691358	0.0135802469135802	0.91358024691358
14	0.0796019900497512	0.00248756218905473	0.901741293532338	0.0161691542288557
15	0.348074179743224	0.557774607703281	0.0884450784593438	0.00570613409415121
16	0.712328767123288	0.049813200498132	0.207970112079701	0.0298879202988792
17	0.00286123032904149	0.864091559370529	0.0	0.133047210300429
18	0.742621015348288	0.119244391971665	0.038961038961039	0.0991735537190083
19	0.125382262996942	0.533639143730887	0.165137614678899	0.175840978593272
