Pos	A	C	G	T
1	0.0899839314408141	0.442956614890198	0.168184252811998	0.29887520085699
2	0.0602752728998576	0.0	0.0204081632653061	0.919316563834836
3	0.938118811881188	0.0113861386138614	0.0435643564356436	0.00693069306930693
4	0.962640736949846	0.00972364380757421	0.0179119754350051	0.00972364380757421
5	0.012448132780083	0.0507146150299677	0.0189027201475334	0.917934532042416
6	0.0908766928011404	0.0231646471846044	0.663221667854597	0.222736992159658
7	0.471252015045674	0.0865126276195594	0.0596453519613111	0.382590005373455
8	0.296777546777547	0.20997920997921	0.262993762993763	0.23024948024948
9	0.262479871175523	0.254965110037574	0.266774020397209	0.215780998389694
10	0.27449947312961	0.265015806111697	0.365648050579557	0.0948366701791359
11	0.300512820512821	0.0933333333333333	0.482564102564103	0.123589743589744
12	0.172135556750941	0.338891877353416	0.22108660570199	0.267885960193653
13	0.319060052219321	0.203655352480418	0.167624020887728	0.309660574412533
14	0.318181818181818	0.160123966942149	0.216425619834711	0.305268595041322
15	0.2586115527292	0.244303126656068	0.326444091149974	0.170641229464759
16	0.114754098360656	0.456454918032787	0.109118852459016	0.319672131147541
17	0.0928534167970788	0.3547209181012	0.276995305164319	0.275430359937402
18	0.205772314270444	0.256012827365045	0.229289150187066	0.308925708177445
19	0.271273852501289	0.255286230015472	0.1985559566787	0.274883960804538
20	0.395498392282958	0.0718113612004287	0.07502679528403	0.457663451232583
21	0.248933143669986	0.659317211948791	0.0131578947368421	0.0785917496443812
22	0.925407925407925	0.00606060606060606	0.0578088578088578	0.0107226107226107
23	0.0226814516129032	0.0236895161290323	0.00957661290322581	0.944052419354839
24	0.0293410293410293	0.0529100529100529	0.0144300144300144	0.903318903318903
25	0.91674550614948	0.00614947965941343	0.0283822138126774	0.0487228003784295
26	0.296917252568956	0.157923201730665	0.442942130881558	0.102217414818821
