Pos	A	C	G	T
1	0.185393258426966	0.273408239700375	0.185393258426966	0.355805243445693
2	0.397003745318352	0.286516853932584	0.301498127340824	0.0149812734082397
3	0.00547445255474453	0.0145985401459854	0.974452554744526	0.00547445255474453
4	0.925476603119584	0.0277296360485269	0.0190641247833622	0.0277296360485269
5	0.911262798634812	0.0136518771331058	0.0102389078498294	0.0648464163822526
6	0.0694006309148265	0.561514195583596	0.0809674027339642	0.288117770767613
7	0.391495601173021	0.198680351906158	0.240469208211144	0.169354838709677
8	0.113057324840764	0.0111464968152866	0.0254777070063694	0.85031847133758
9	0.0247349823321555	0.0	0.0318021201413428	0.943462897526502
10	0.00186219739292365	0.994413407821229	0.0037243947858473	0.0
11	0.0172910662824208	0.0864553314121038	0.126801152737752	0.769452449567723
12	0.426894343649947	0.27641408751334	0.293489861259338	0.0032017075773746
13	0.0207972270363951	0.0398613518197574	0.925476603119584	0.0138648180242634
14	0.888519134775374	0.0632279534109817	0.00831946755407654	0.0399334442595674
15	0.672544080604534	0.0994962216624685	0.0591939546599496	0.168765743073048
16	0.239700374531835	0.325842696629214	0.219101123595506	0.215355805243446
17	0.260299625468165	0.249063670411985	0.262172284644195	0.228464419475655
