Pos	A	C	G	T
1	0.369496402877698	0.153093525179856	0.317697841726619	0.159712230215827
2	0.639056356487549	0.0741808650065531	0.263958060288336	0.0228047182175623
3	0.742850759606792	0.116398570151921	0.0855674709562109	0.055183199285076
4	0.0943142010239828	0.00431150633252493	0.898949070331447	0.00242522231204527
5	0.00420057757941717	0.0249409293777894	0.0265161459700709	0.944342347072722
6	0.00130890052356021	0.954973821989529	0.00287958115183246	0.0408376963350785
7	0.933976637887252	0.00355510411376333	0.0594210259014728	0.00304723209751143
8	0.674633936261843	0.0813953488372093	0.132644272179156	0.111326442721792
9	0.250614250614251	0.09003159003159	0.201298701298701	0.458055458055458
10	0.924475877746906	0.00783026016670877	0.0202071230108613	0.0474867390755241
11	0.899157581764123	0.0396432111000991	0.0406342913776016	0.0205649157581764
12	0.0142441860465116	0.00348837209302326	0.975581395348837	0.00668604651162791
13	0.00223491432828408	0.104047678172337	0.0357586292525453	0.857958778246834
14	0.00535714285714286	0.923979591836735	0.00433673469387755	0.0663265306122449
15	0.919067902781258	0.0102731145076422	0.0633926334252067	0.00726634928589326
