Pos	A	C	G	T
1	0.123044838373306	0.24191866527633	0.234619395203337	0.400417101147028
2	0.260688216892596	0.220020855057351	0.506777893639208	0.0125130344108446
3	0.0110330992978937	0.0130391173520562	0.961885656970913	0.0140421263791374
4	0.963819095477387	0.00804020100502513	0.0100502512562814	0.0180904522613065
5	0.909867172675522	0.0094876660341556	0.0104364326375712	0.0702087286527514
6	0.157372400756144	0.237712665406427	0.151701323251418	0.453213610586011
7	0.242339832869081	0.0870473537604457	0.667827298050139	0.00278551532033426
8	0.0514563106796116	0.0174757281553398	0.0	0.931067961165049
9	0.0206489675516224	0.00589970501474926	0.0304818092428712	0.942969518190757
10	0.0	0.985611510791367	0.00822199383350463	0.00616649537512847
11	0.0	0.0408542246982358	0.0687093779015785	0.890436397400186
12	0.402220851326342	0.273904996915484	0.31832202344232	0.00555212831585441
13	0.0	0.0252780586450961	0.969666329625885	0.00505561172901921
14	0.913333333333333	0.0219047619047619	0.0114285714285714	0.0533333333333333
15	0.766586730615508	0.0239808153477218	0.0295763389288569	0.179856115107914
16	0.170833333333333	0.329166666666667	0.308333333333333	0.191666666666667
17	0.213541666666667	0.238541666666667	0.339583333333333	0.208333333333333
