Pos	A	C	G	T
1	0.187285223367698	0.261168384879725	0.187285223367698	0.36426116838488
2	0.329896907216495	0.333333333333333	0.312714776632302	0.0240549828178694
3	0.0208333333333333	0.0352564102564103	0.931089743589744	0.0128205128205128
4	0.926634768740032	0.0207336523125997	0.00956937799043062	0.0430622009569378
5	0.896604938271605	0.0108024691358025	0.0200617283950617	0.0725308641975309
6	0.0781853281853282	0.560810810810811	0.0926640926640927	0.268339768339768
7	0.437170805116629	0.224228743416102	0.193378480060196	0.145221971407073
8	0.0684931506849315	0.0167427701674277	0.030441400304414	0.884322678843227
9	0.0358890701468189	0.0	0.0163132137030995	0.947797716150082
10	0.0	0.993162393162393	0.00341880341880342	0.00341880341880342
11	0.00808080808080808	0.3	0.287878787878788	0.404040404040404
12	0.789402173913043	0.105978260869565	0.09375	0.0108695652173913
13	0.0436746987951807	0.0316265060240964	0.875	0.0496987951807229
14	0.859467455621302	0.0621301775147929	0.0251479289940828	0.0532544378698225
15	0.657984144960362	0.114382785956965	0.0792751981879955	0.148357870894677
16	0.177280550774527	0.349397590361446	0.251290877796902	0.222030981067126
17	0.287435456110155	0.256454388984509	0.23407917383821	0.222030981067126
