Pos	A	C	G	T
1	0.156091370558376	0.24492385786802	0.176395939086294	0.42258883248731
2	0.329531051964512	0.277566539923954	0.38149556400507	0.0114068441064639
3	0.00123152709359606	0.0197044334975369	0.970443349753695	0.00862068965517241
4	0.945978391356543	0.0132052821128451	0.0348139255702281	0.00600240096038415
5	0.962148962148962	0.0146520146520147	0.0	0.0231990231990232
6	0.202185792349727	0.19016393442623	0.177049180327869	0.430601092896175
7	0.285153181461115	0.0714846818538885	0.619010212097408	0.0243519245875884
8	0.037621359223301	0.00606796116504854	0.0	0.956310679611651
9	0.0274463007159905	0.00596658711217184	0.0262529832935561	0.940334128878282
10	0.00752823086574655	0.98870765370138	0.00125470514429109	0.00250941028858218
11	0.004149377593361	0.200553250345781	0.344398340248963	0.450899031811895
12	0.857453754080522	0.0674646354733406	0.0576713819368879	0.0174102285092492
13	0.02	0.0317647058823529	0.927058823529412	0.0211764705882353
14	0.960975609756098	0.0207317073170732	0.0	0.0182926829268293
15	0.682251082251082	0.125541125541126	0.0718614718614719	0.12034632034632
16	0.138324873096447	0.331218274111675	0.308375634517767	0.222081218274112
17	0.239847715736041	0.166243654822335	0.418781725888325	0.175126903553299
