Pos	A	C	G	T
1	0.338476499189627	0.153581847649919	0.342820097244733	0.165121555915721
2	0.594232486921016	0.0924460890646931	0.281549062141125	0.0317723618731658
3	0.670338696429434	0.168043677827704	0.0959076194617577	0.0657100062811035
4	0.0978106691335184	0.0038236201048412	0.895405488744989	0.00296022201665125
5	0.00415009510634619	0.0541817972217419	0.0430572367283417	0.89861087094357
6	0.00257289879931389	0.916295025728988	0.00308747855917667	0.0780445969125214
7	0.963795551348793	0.00207051585423568	0.031590156176053	0.00254377662091813
8	0.694839947490659	0.0368070281732808	0.093052610320105	0.175300414015955
9	0.820390713783213	0.0339304074895828	0.137561556361275	0.00811732236592889
10	0.797239743382393	0.07256455873632	0.076661814653081	0.0535338832282064
11	0.0862725513452775	0.00224733129408827	0.907921842811661	0.00355827454897309
12	0.00325033373962505	0.0465494224853445	0.0647745080968135	0.885425735678217
13	0.0034809404245606	0.908297192421821	0.00559233051814654	0.0826295366354714
14	0.913893112575322	0.0097426367066509	0.0703384580728727	0.00602579264515402
