Pos	A	C	G	T
1	0.337033026529507	0.258798050893341	0.0270709258256632	0.377097996751489
2	0.583478123519191	0.157794977096825	0.191596904122571	0.0671299952614121
3	0.981142098273572	0.00345285524568393	0.0148738379814077	0.000531208499335989
4	0.000540394487976223	0.998108619292083	0.000810591731964334	0.000540394487976223
5	0.0008110300081103	0.998648283319816	0.000540686672073533	0.0
6	0.280216592535293	0.00174047573003288	0.714368594082383	0.00367433765229163
7	0.00188273265196342	0.99354491662184	0.00322754168908015	0.00134480903711673
8	0.900316841335608	0.0126736534243237	0.0704362661467219	0.0165732390933463
9	0.669142309535218	0.0414470531863919	0.215860086248203	0.0735505510301869
10	0.678171470534239	0.0576464108683679	0.0416743161373233	0.22250780246007
11	0.897255282973039	0.014816614039349	0.00825844061209619	0.0796696623755161
12	0.958484691229891	0.0083030617540218	0.0316554229372081	0.00155682407887909
13	0.00322841000807102	0.993812214151197	0.00188323917137476	0.00107613666935701
14	0.00161463939720129	0.994079655543595	0.00161463939720129	0.00269106566200215
15	0.43796992481203	0.00214822771213749	0.553974221267454	0.00590762620837809
16	0.00668985817500669	0.988493443938989	0.00214075461600214	0.00267594327000268
17	0.90141532454856	0.0214738897022938	0.0544167886774036	0.0226939970717423
18	0.513264753654575	0.189496480779643	0.18489442338928	0.112344342176502
