Pos	A	C	G	T
1	0.730185497470489	0.0893760539629005	0.0550871275997752	0.125351320966835
2	0.479638009049774	0.00226244343891403	0.030920060331825	0.487179487179487
3	0.230434782608696	0.263285024154589	0.297584541062802	0.208695652173913
4	0.0331241283124128	0.116457461645746	0.049163179916318	0.801255230125523
5	0.694027565084227	0.0483920367534456	0.249617151607963	0.00796324655436447
6	0.0228281547241598	0.0152187698161065	0.848446417247939	0.113506658211795
7	0.0636856368563686	0.00542005420054201	0.915311653116531	0.0155826558265583
8	0.00945179584120983	0.0347826086956522	0.0846880907372401	0.871077504725898
9	0.0280269058295964	0.78054932735426	0.00924887892376682	0.182174887892377
10	0.987300435413643	0.0	0.00725689404934688	0.00544267053701016
11	0.169910179640719	0.278817365269461	0.413547904191617	0.137724550898204
12	0.0062646828504307	0.0395458104933438	0.0324980422866092	0.921691464369616
13	0.691392978482446	0.0433182332955832	0.254246885617214	0.0110419026047565
14	0.0353075170842825	0.00740318906605923	0.745444191343964	0.211845102505695
15	0.0812417437252312	0.0165125495376486	0.889696169088507	0.0125495376486129
16	0.0824510747513635	0.105871029836381	0.0786012191209496	0.733076676291306
17	0.0370021950454688	0.862652869238006	0.0253998118532455	0.07494512386328
18	0.867899159663866	0.00168067226890756	0.107563025210084	0.0228571428571429
