Pos	A	C	G	T
1	0.178748180494905	0.151382823871907	0.186608442503639	0.483260553129549
2	0.168709150326797	0.0261437908496732	0.108251633986928	0.696895424836601
3	0.0648535564853557	0.529811715481172	0.00575313807531381	0.399581589958159
4	0.776828110161443	0.188983855650522	0.0232668566001899	0.0109211775878443
5	0.000499251123315027	0.898652021967049	0.0	0.100848726909636
6	0.0209314495028781	0.0	0.97854526425955	0.000523286237571952
7	0.0018984337921215	0.884195538680589	0.112482202183199	0.00142382534409112
8	0.525510204081633	0.0578231292517007	0.0351473922902494	0.381519274376417
9	0.00461065573770492	0.0537909836065574	0.000512295081967213	0.941086065573771
10	0.00456794822992006	0.328892272554244	0.665397792158355	0.00114198705748002
11	0.830403309203723	0.0031023784901758	0.163908996897622	0.00258531540847983
12	0.256666666666667	0.222222222222222	0.403333333333333	0.117777777777778
13	0.0193726937269373	0.137453874538745	0.00322878228782288	0.839944649446494
14	0.173292999135696	0.000432152117545376	0.764909248055315	0.0613656006914434
15	0.272903538536112	0.603974793989336	0.121667474551624	0.00145419292292777
16	0.545862412761715	0.0812562313060818	0.308574277168495	0.0643070787637089
17	0.00266785237883504	0.798577145397955	0.0160071142730102	0.1827478879502
18	0.480634920634921	0.153333333333333	0.165714285714286	0.20031746031746
19	0.18321043675553	0.4781622234827	0.157118547929665	0.181508791832104
