Pos	A	C	G	T
1	0.447524752475	0.150495049505	0.112871287129	0.289108910891
2	0.341708542714	0.158291457286	0.190954773869	0.309045226131
3	0.148208469055	0.223127035831	0.0586319218241	0.57003257329
4	0.030303030303	0.048951048951	0.918414918415	0.002331002331
5	0.179282868526	0.749003984064	0.00996015936255	0.0617529880478
6	0.0808270676692	0.18984962406	0.0300751879699	0.699248120301
7	0.0600775193798	0.0717054263566	0.742248062016	0.125968992248
8	0.842920353982	0.0752212389381	0.0154867256637	0.0663716814159
9	0.0659090909091	0.495454545455	0.375	0.0636363636364
10	0.0675381263617	0.0174291938998	0.0653594771242	0.849673202614
11	0.118257261411	0.813278008299	0.0269709543568	0.0414937759336
12	0.754	0.022	0.144	0.08
13	0.0580912863071	0.0165975103734	0.767634854772	0.157676348548
14	0.0135746606335	0.877828054299	0.0882352941176	0.0203619909502
15	0.560192616372	0.0385232744783	0.266452648475	0.134831460674
16	0.244332493703	0.2040302267	0.173803526448	0.377833753149
17	0.239051094891	0.138686131387	0.171532846715	0.450729927007
