Pos	A	C	G	T
1	0.180375647668	0.267487046632	0.345207253886	0.206930051813
2	0.372325417352	0.215377380672	0.35375029391	0.0585469080649
3	0.0338192419825	0.0397959183673	0.0260932944606	0.90029154519
4	0.0250656742557	0.0276926444834	0.271234676007	0.676007005254
5	0.449242531502	0.0199631884468	0.425173439049	0.105620841002
6	0.066874674987	0.642329693188	0.0946437857514	0.196151846074
7	0.200418785522	0.110978163326	0.615814138997	0.0727889121548
8	0.154729894891	0.754827670496	0.0311659740895	0.0592764605231
9	0.798448610213	0.174531351002	0.0169360051713	0.0100840336134
10	0.935757575758	0.0184848484848	0.0230303030303	0.0227272727273
11	0.0457393483709	0.382832080201	0.180325814536	0.391102756892
12	0.234170040486	0.347206477733	0.235303643725	0.183319838057
