Pos	A	C	G	T
1	0.170418657381	0.295853915297	0.319135152644	0.214592274678
2	0.365476190476	0.235654761905	0.369613095238	0.029255952381
3	0.00669572107765	0.00887480190174	0.00590332805071	0.97852614897
4	0.00497262098564	0.00538700606778	0.258605890188	0.731034482759
5	0.458437195188	0.00502149488819	0.43379935696	0.102741952964
6	0.0376836341155	0.727117496394	0.0579680277917	0.177230841699
7	0.192302213612	0.0652972849776	0.703626677303	0.0387738241076
8	0.130967428294	0.800453735213	0.00819964349376	0.0603791929995
9	0.890981240981	0.103787878788	0.00349927849928	0.0017316017316
10	0.983435533965	0.00461893764434	0.00700804332245	0.00493748506809
11	0.0251574327333	0.394090706698	0.189300935055	0.391450925514
12	0.233743622965	0.334521013847	0.258158555349	0.173576807839
