Pos	A	C	G	T
1	0.339090143218	0.184217916316	0.162594776748	0.314097163718
2	0.297627404184	0.207637231504	0.203285132669	0.291450231644
3	0.0960044395117	0.226970033296	0.0245283018868	0.652497225305
4	0.00904794058069	0.0340310600945	0.953004726536	0.00391627278866
5	0.111612903226	0.866064516129	0.00283870967742	0.0194838709677
6	0.0361293582617	0.0879231935321	0.0088428499242	0.867104598282
7	0.0350434892222	0.0127316273793	0.865372494643	0.0868523887558
8	0.936510067114	0.0279194630872	0.0096644295302	0.0259060402685
9	0.0603759011329	0.455973223481	0.421730175077	0.061920700309
10	0.0270161829611	0.0120369132005	0.0276849003611	0.933262003477
11	0.0743664841462	0.880173182223	0.0113332484401	0.0341270851904
12	0.873401696417	0.00962147107229	0.0840612735789	0.0329155589315
13	0.0206611570248	0.00154958677686	0.867897727273	0.109891528926
14	0.00192970365265	0.976154376292	0.0155754651964	0.00634045485872
15	0.651896646509	0.021990104453	0.241671247938	0.0844420010995
16	0.306331601853	0.226449529693	0.198371472694	0.26884739576
17	0.353362347326	0.0963077355047	0.101782956619	0.44854696055
18	0.308290816327	0.108928571429	0.0614795918367	0.521301020408
