Pos	A	C	G	T
1	0.175908923980903	0.127065736320235	0.433712816746236	0.263312522952626
2	0.170559311616472	0.0903503380454825	0.540258143822987	0.198832206515058
3	0.144168146832445	0.0515097690941385	0.707223208999408	0.0970988750740083
4	0.19273127753304	0.290014684287812	0.290014684287812	0.227239353891336
5	0.382290934645116	0.553408292340126	0.0453267744202389	0.0189739985945186
6	0.0805791627321372	0.113314447592068	0.62795089707271	0.178155492603085
7	0.000364298724954463	0.991985428051002	0.0	0.00765027322404372
8	0.98512876314835	0.00145085237577077	0.0134203844758796	0.0
9	0.00226171243941842	0.105654281098546	0.819063004846527	0.0730210016155089
10	0.047976501305483	0.835182767624021	0.113250652741514	0.00359007832898172
11	0.0036101083032491	0.00902527075812274	0.00541516245487365	0.981949458483754
12	0.00220183486238532	0.0	0.997798165137615	0.0
13	0.0122992825418517	0.899214212504271	0.0133242227536727	0.075162282200205
14	0.0198854061341422	0.0262891809908999	0.891472868217054	0.0623525446579036
15	0.047952047952048	0.363303363303363	0.0742590742590743	0.514485514485514
16	0.132885514018692	0.708820093457944	0.0680490654205607	0.0902453271028037
17	0.21530644649095	0.582724674499841	0.0565258812321372	0.145442997777072
18	0.180315828130738	0.520749173705472	0.0958501652589056	0.203084832904884
