Pos	A	C	G	T
1	0.186055252772035	0.344296184927645	0.274572448787822	0.195076113512498
2	0.323919611191383	0.198476290555629	0.375147773545252	0.102456324707737
3	0.115508615897721	0.201556420233463	0.0912729294052251	0.591662034463591
4	0.0745293293916291	0.0975571806441575	0.412011825112805	0.415901664851408
5	0.723589394969409	0.0221617946974847	0.199456152277362	0.0547926580557444
6	0.00461074658627416	0.943784358928888	0.0356446178400426	0.0159602766447952
7	0.191588785046729	0.0431344356578001	0.764917325664989	0.000359453630481668
8	0.0806974232371548	0.069742323715476	0.0283906804505478	0.821169572596821
9	0.0692184582555348	0.709789277140571	0.117097892771406	0.103894371832489
10	0.806485831186543	0.0284891650250038	0.131989695408395	0.0330353083800576
11	0.092255125284738	0.407033029612756	0.1500569476082	0.350654897494305
12	0.182040202893105	0.300394514371595	0.300770242344543	0.216795040390757
