Pos	A	C	G	T
1	0.448904222751348	0.147966373487536	0.182759123378201	0.220370280382915
2	0.497373333912213	0.0837494030304346	0.0894368948899405	0.329440368167412
3	0.682211650939718	0.0647664353115496	0.0814941901271153	0.171527723621617
4	0.173769376548909	0.293065746634919	0.300597696681083	0.232567180135089
5	0.119987685676903	0.677056876779805	0.0990533364119141	0.103902101131378
6	0.976982462828822	0.00366946244757911	0.0190621425848265	0.000285932138772398
7	0.000336959661114855	0.0156445556946183	0.000192548377779917	0.983825936266487
8	0.0	9.69885068619369e-05	0.997284321807866	0.0026186896852723
9	0.99844712961615	0.000776435191925074	0.000242635997476586	0.000533799194448488
10	0.000922016790411025	0.551560149463774	0.446450235356918	0.00106759838889698
11	0.0	0.000194335130933294	0.000145751348199971	0.999659913520867
12	0.00150441618945938	0.997719110938562	0.0	0.000776472871979035
13	0.988953740774685	0.00072355409772804	0.0101297573681926	0.000192947759394144
14	0.000981950808940428	0.0339474422519405	0.0248760871598242	0.940194519779295
15	0.0557841996958039	0.511407354388476	0.366332647400913	0.0664757985148072
16	0.324116818115555	0.203362651246416	0.312988969337674	0.159531561300355
17	0.189820450395618	0.115680158247109	0.0667224589166159	0.627776932440657
18	0.304330963154493	0.0932126696832579	0.0789915966386555	0.523464770523594
19	0.226638806550367	0.197434277661694	0.140531609893581	0.435395305894358
