Pos	A	C	G	T
1	0.211496483143342	0.323065728838225	0.275527528498666	0.189910259519767
2	0.420844327176781	0.165096117602714	0.356012061816811	0.0580474934036939
3	0.00153407845715538	0.0878807801884725	0.00723208415516108	0.903353057199211
4	0.0295262816353018	0.0522388059701493	0.668721609344581	0.249513303049968
5	0.823741007194245	0.025779376498801	0.0491606714628297	0.101318944844125
6	0.0188872921371382	0.846232806405256	0.102648326832273	0.0322315746253336
7	0.496639784946237	0.0656362007168459	0.426747311827957	0.0109767025089606
8	0.0552773883436812	0.0817144001602243	0.0374524334067695	0.825555778089325
9	0.203277545327755	0.718619246861925	0.0538702928870293	0.0242329149232915
10	0.910134687569	0.011039964672113	0.0748509604769265	0.0039743872819607
11	0.0470327008477998	0.450141299959629	0.12091239402503	0.381913605167541
12	0.195003638127577	0.34125636672326	0.268736357021586	0.195003638127577
