Pos	A	C	G	T
1	0.0937808489634748	0.437931885488648	0.0916214215202369	0.376665844027641
2	0.0582862573253788	0.0135684493954913	0.697112084895201	0.231033208383929
3	0.118207319459847	0.861373866527497	0.00521886620131776	0.015199947811338
4	0.0191674592142805	0.965981417806716	0.00424317799400102	0.0106079449850026
5	0.97338739402875	0.00206413564319941	0.0207887946922226	0.0037596756358275
6	0.0053743917495824	0.958965792722783	0.00159779214176774	0.0340620233858668
7	0.284671532846715	0.0990517770652841	0.616072037656047	0.000204652431953066
8	0.00423445509248941	0.0135205408216329	0.00133719634499666	0.980907807740881
9	0.0229374499381053	0.961479647564261	0.0107041433044491	0.0048787591931843
10	0.909491665518666	0.0358864857418377	0.0469761675161868	0.007645681223309
11	0.0238533315810225	0.579839663556315	0.108555657773689	0.287751347088974
12	0.152756740381703	0.625340805816419	0.107543168736746	0.114359285065132
