Pos	A	C	G	T
1	0.0922266139657444	0.185551163812033	0.0382081686429512	0.684014053579271
2	0.0935392647378725	0.0163149880356754	0.861431368283663	0.0287143789427888
3	0.0883386020372322	0.695468914646997	0.0124692658939234	0.203723217421848
4	0.38803332491795	0.152234284271649	0.0873516788689725	0.372380711941429
5	0.276192880585711	0.117647058823529	0.296894723554658	0.309265337036102
6	0.285533956071699	0.286038879070942	0.0716990658924514	0.356728098964908
7	0.167574931880109	0.100987738419619	0.674386920980926	0.0570504087193461
8	0.0120127482226036	0.00907085069870066	0.00809021819073302	0.970826182887963
9	0.0964175143741707	0.875718708536046	0.00110570544007077	0.0267580716497125
10	0.960232783705141	0.00266731328806984	0.017458777885548	0.0196411251212415
11	0.0160934744268078	0.00815696649029982	0.873015873015873	0.102733686067019
12	0.00351935646053293	0.995475113122172	0.00100553041729512	0.0
13	0.788210624417521	0.010950605778192	0.134669151910531	0.0661696178937558
14	0.330050505050505	0.162626262626263	0.165909090909091	0.341414141414141
