Pos	A	C	G	T
1	0.227061263382097	0.63757636903761	0.0443360798161538	0.0910262877641388
2	0.256062454257136	0.469821907782386	0.0556721151500366	0.218443522810442
3	0.159894409352314	0.075327613839917	0.696803997360234	0.0679739794475347
4	0.00268489138393947	0.43946790334391	0.000427141811081279	0.557420063461069
5	0.361406342998044	0.0144970665759714	0.604752997194116	0.019343593231868
6	0.00376968444093148	0.00170243813461422	0.00334407490727792	0.991183802517176
7	0.97012971557777	0.00011900511722004	0.02927525883613	0.000476020468880162
8	0.208979436041796	0.0740970466148194	0.709241853141848	0.00768166420153633
9	0.506782651012835	0.485978465843421	0.002798223736237	0.00444065940750654
10	0.00374894183093482	0.987967106058774	0.00012093360744951	0.00816301850284194
11	0.00934466019417476	0.000364077669902913	0.989077669902913	0.00121359223300971
12	0.00546348570387907	0.0046743155466521	0.371031384690099	0.61883081405937
13	0.0095990400959904	0.772172782721728	0.0554944505549445	0.162733726627337
14	0.00122663551401869	0.0529789719626168	0.000292056074766355	0.945502336448598
15	0.989204269771955	0.00436681222707424	0.00109170305676856	0.00533721494420184
16	0.0112969266439742	0.746485126535445	0.010902274184796	0.231315672635785
17	0.749004777070064	0.00174164012738854	0.247362659235669	0.00189092356687898
18	0.0616647964908701	0.767724166071611	0.0414158930939508	0.129195144343568
19	0.297578277886497	0.247309197651663	0.239909491193738	0.215203033268102
20	0.255075831702544	0.189090019569472	0.404721135029354	0.15111301369863
