Pos	A	C	G	T
1	0.351149025069638	0.252176183844011	0.148938022284123	0.247736768802228
2	0.120389105058366	0.290194552529183	0.055875486381323	0.533540856031128
3	0.132489520835046	0.0690392044053588	0.0446289142763212	0.753842360483274
4	0.642556119377311	0.0127289928614432	0.00275221467274447	0.341962673088501
5	0.0	0.999651931778629	0.000174034110685694	0.000174034110685694
6	8.70170553428472e-05	0.999651931778629	8.70170553428472e-05	0.000174034110685694
7	0.0	0.999738880668466	8.70397771781704e-05	0.000174079554356341
8	0.998001390337157	0.000521376433785193	0.00121654501216545	0.000260688216892596
9	0.0072246123873691	0.472359769461807	0.0997645912817599	0.420651026869064
10	0.938563406252619	0.0341966306261001	0.0270723325789959	0.000167630542284804
11	0.985078488873555	0.00422632396066931	0.0100051750905641	0.000690012075211316
12	0.000521059487624837	0.00156317846287451	0.00199739470256188	0.995918367346939
13	0.0086629617522066	0.0481366459627329	0.922115070284407	0.0210853220006538
14	0.000174094707520891	0.999651810584958	8.70473537604457e-05	8.70473537604457e-05
15	0.852693668895006	0.0633110499410146	0.0011010617381046	0.082894219425875
16	0.160849508225259	0.374184002088955	0.0386456610671077	0.426320828618679
17	0.0297792230018826	0.33339038165326	0.00581892863255177	0.631011466712305
18	0.35107447748013	0.0110685899322932	0.517044450986164	0.120812481601413
19	0.00958864002342263	0.812252964426877	0.122456448543405	0.0557019470062948
20	0.302320994148202	0.0970478006443553	0.373134328358209	0.227496876849234
21	0.269324512534819	0.346796657381616	0.201514623955432	0.182364206128134
