Pos	A	C	G	T
1	0.432	0.132	0.212	0.224
2	0.128571428571429	0.228571428571429	0.00357142857142857	0.639285714285714
3	0.0469798657718121	0.0906040268456376	0.825503355704698	0.0369127516778524
4	0.161383285302594	0.677233429394813	0.0576368876080692	0.103746397694524
5	0.131367292225201	0.136729222520107	0.101876675603217	0.630026809651475
6	0.074245939675174	0.0719257540603248	0.5707656612529	0.283062645011601
7	0.719135802469136	0.0401234567901235	0.141975308641975	0.0987654320987654
8	0.063973063973064	0.579124579124579	0.111111111111111	0.245791245791246
9	0.298076923076923	0.134615384615385	0.496794871794872	0.0705128205128205
10	0.0392857142857143	0.0178571428571429	0.075	0.867857142857143
11	0.176178660049628	0.602977667493797	0.114143920595533	0.106699751861042
12	0.654494382022472	0.0617977528089888	0.199438202247191	0.0842696629213483
13	0.134146341463415	0.0792682926829268	0.682926829268293	0.103658536585366
14	0.0730897009966777	0.843853820598007	0.0332225913621262	0.0498338870431894
15	0.634686346863469	0.0516605166051661	0.265682656826568	0.0479704797047971
16	0.436	0.168	0.168	0.228
