Pos	A	C	G	T
1	0.304365818332299	0.177115663149183	0.196772191185599	0.32174632733292
2	0.0434349472006376	0.159593544530783	0.0187288304443116	0.778242677824268
3	0.00912038913660316	0.0202675314146737	0.966558573165788	0.00405350628293474
4	0.0623916811091854	0.897746967071057	0.0032736375890622	0.0365877142306952
5	0.0554021719123873	0.063868949015277	0.0147248297441561	0.86600404932818
6	0.035734331150608	0.0293732460243218	0.878016838166511	0.0568755846585594
7	0.862190159082501	0.0726970033296337	0.0179430262671106	0.0471698113207547
8	0.0299633102323685	0.471055849979617	0.461475743986955	0.0375050958010599
9	0.0486362769406828	0.0106809078771696	0.0541674613770742	0.886515353805073
10	0.0630051432770022	0.857090374724467	0.0326965466568699	0.0472079353416605
11	0.876367006487488	0.0305838739573679	0.0444856348470806	0.048563484708063
12	0.0290766208251473	0.012573673870334	0.909233791748526	0.0491159135559921
13	0.0108783239323127	0.958098307816277	0.0191377921031426	0.0118855761482675
14	0.80585639791416	0.0292819895707982	0.14119534697152	0.0236662655435219
15	0.351468762929251	0.184112536201903	0.166735622672735	0.297683078196111
