Pos	A	C	G	T
1	0.320887445887446	0.172077922077922	0.229301948051948	0.277732683982684
2	0.0657049180327869	0.307147540983607	0.00983606557377049	0.617311475409836
3	0.0078761180082766	0.0145507942864771	0.977573087705246	0.0
4	0.0741028630651639	0.905169063350175	0.000388651379712398	0.0203394222049488
5	0.0506482491215316	0.100811826002666	0.0	0.848539924875803
6	0.0403776866691514	0.0159025965958504	0.864579450863461	0.0791402658715368
7	0.918102339933145	0.021985086140396	0.00797120082283363	0.0519413731036256
8	0.059873417721519	0.446962025316456	0.428481012658228	0.0646835443037975
9	0.0406032482598608	0.00670275844289765	0.034158288218613	0.918535705078628
10	0.0933909820877085	0.851760345892526	0.00531192093885114	0.0495367510809141
11	0.853987134360966	0.00534045393858478	0.0945503095035805	0.0461221021968686
12	0.0230355771691835	0.0	0.891988738162273	0.0849756846685436
13	0.00160535117056856	0.980735785953177	0.0136454849498328	0.0040133779264214
14	0.6255291005291	0.0165343915343915	0.306481481481481	0.0514550264550265
15	0.286294141523474	0.252739818698417	0.152482749289677	0.308483290488432
