Pos	A	C	G	T
1	0.287353423275753	0.192661707224814	0.236161896356071	0.283822973143361
2	0.0484087306426046	0.317156444336057	0.014022680160956	0.620412144860383
3	0.00655534941249227	0.0189239332096475	0.972789115646258	0.00173160173160173
4	0.086047586047586	0.868214368214368	0.00462000462000462	0.0411180411180411
5	0.0721345951629863	0.138485804416404	0.0127234490010515	0.776656151419558
6	0.0477506355698021	0.0195644965181828	0.834751851442467	0.0979330164695479
7	0.82579285872699	0.0713018407629186	0.0154136172100244	0.0874916833000665
8	0.0863841090195173	0.433306386418755	0.415405936020326	0.064903568541402
9	0.0874075709082883	0.0160026487142699	0.0776956185851451	0.818894161792297
10	0.0962626150604414	0.830542308971942	0.0287235222357769	0.0444715537318399
11	0.777930451326498	0.0175457139837226	0.134658069971462	0.0698657647183173
12	0.0365237815619495	0.00352319436288902	0.879859072225484	0.080093951849677
13	0.00519995047666213	0.974743097684784	0.010895134332054	0.00916181750649994
14	0.638357160164769	0.0156287860431306	0.288223891446571	0.0577901623455294
15	0.290920554854981	0.241361916771753	0.17578814627995	0.291929382093317
