Pos	A	C	G	T
1	0.279203771608172	0.159245678365636	0.205343111576742	0.35620743844945
2	0.109176470588235	0.207529411764706	0.0352941176470588	0.648
3	0.0241779497098646	0.0411025145067698	0.90715667311412	0.0275628626692456
4	0.0978800180423996	0.800180423996392	0.0419485791610284	0.0599909788001804
5	0.0816498316498317	0.0795454545454545	0.0593434343434343	0.779461279461279
6	0.0848214285714286	0.0569196428571429	0.633184523809524	0.225074404761905
7	0.842056932966024	0.0422405876951331	0.0661157024793388	0.0495867768595041
8	0.034171808258187	0.727100142382534	0.0859041290934979	0.152823920265781
9	0.15625	0.0913461538461538	0.737019230769231	0.0153846153846154
10	0.050747621205256	0.0847304032623471	0.0271862256456729	0.837335749886724
11	0.234884573103701	0.614144375229022	0.0721876145108098	0.0787834371564676
12	0.799309451877428	0.0332326283987915	0.0621493310315063	0.105308588692274
13	0.0431390546122074	0.0284534189995411	0.822854520422212	0.105553005966039
14	0.0216450216450216	0.894179894179894	0.05002405002405	0.0341510341510342
15	0.667820069204152	0.0346020761245675	0.22194760257044	0.0756302521008403
16	0.313776846516501	0.225772655840754	0.157674174960712	0.302776322682032
