Pos	A	C	G	T
1	0.162055335968379	0.154150197628458	0.270092226613966	0.413702239789196
2	0.00913838120104439	0.077023498694517	0.00913838120104439	0.904699738903394
3	0.022864019253911	0.0397111913357401	0.895306859205776	0.0421179302045728
4	0.0568047337278106	0.876923076923077	0.0331360946745562	0.0331360946745562
5	0.0713501646542261	0.0746432491767289	0.0329308452250274	0.821075740944018
6	0.0083073727933541	0.0851505711318795	0.731048805815161	0.175493250259605
7	0.908101571946796	0.0374848851269649	0.0411124546553809	0.0133010882708585
8	0.030808729139923	0.902439024390244	0.0179717586649551	0.0487804878048781
9	0.11826544021025	0.0	0.871222076215506	0.0105124835742444
10	0.0351515151515151	0.0460606060606061	0.00848484848484849	0.91030303030303
11	0.196685082872928	0.710497237569061	0.050828729281768	0.0419889502762431
12	0.845444059976932	0.0207612456747405	0.0611303344867359	0.0726643598615917
13	0.0720720720720721	0.0439189189189189	0.817567567567568	0.0664414414414414
14	0.00970873786407767	0.907766990291262	0.0351941747572816	0.0473300970873786
15	0.848445595854922	0.0194300518134715	0.077720207253886	0.0544041450777202
16	0.454545454545455	0.214756258234519	0.131752305665349	0.198945981554677
