Pos	A	C	G	T
1	0.260431654676259	0.148201438848921	0.244604316546763	0.346762589928058
2	0.0462833099579243	0.23562412342216	0.0	0.718092566619916
3	0.0	0.0211267605633803	0.97887323943662	0.0
4	0.0956873315363881	0.862533692722372	0.0	0.0417789757412399
5	0.0433734939759036	0.179518072289157	0.0	0.77710843373494
6	0.0485207100591716	0.0461538461538462	0.73491124260355	0.170414201183432
7	0.873563218390805	0.00893997445721584	0.0727969348659004	0.0446998722860792
8	0.025706940874036	0.363753213367609	0.106683804627249	0.503856041131105
9	0.0157004830917874	0.176328502415459	0.759661835748792	0.0483091787439614
10	0.0163934426229508	0.0259562841530055	0.0341530054644809	0.923497267759563
11	0.210526315789474	0.741626794258373	0.00837320574162679	0.0394736842105263
12	0.863695937090432	0.0131061598951507	0.0707732634338139	0.0524246395806029
13	0.0053835800807537	0.00672947510094213	0.912516823687752	0.0753701211305518
14	0.0126582278481013	0.971870604781997	0.00140646976090014	0.0140646976090014
15	0.759943181818182	0.0213068181818182	0.217329545454545	0.00142045454545455
16	0.28735632183908	0.189655172413793	0.136494252873563	0.386494252873563
