Pos	A	C	G	T
1	0.268580881484107	0.184686281460475	0.254283351057545	0.292449485997873
2	0.0737695933355256	0.203551463334429	0.034637728817275	0.68804121451277
3	0.033883192153366	0.0229603209986625	0.929893000445831	0.01326348640214
4	0.100685073697322	0.824060618642309	0.0192028233340253	0.0560514843263442
5	0.0922449753507774	0.0934774364808495	0.0427569207432689	0.771520667425104
6	0.0638501242592239	0.0454024087172625	0.767348499330912	0.123398967692602
7	0.703311134039959	0.151486727323891	0.0297345464778163	0.115467592158334
8	0.0649546827794562	0.429974104445404	0.434182132067328	0.0708890807078118
9	0.118326251616479	0.0221688527618696	0.16451136153704	0.694993534084611
10	0.116598876622119	0.773290722448189	0.0408677125702111	0.0692426883594809
11	0.767299159822524	0.0427640894930615	0.0839233456055886	0.106013405078826
12	0.0497528137162091	0.0109393078784054	0.836962238350689	0.102345640054697
13	0.00292924740874268	0.943105002253267	0.0248986029743128	0.0290671473636773
14	0.672884889717985	0.0244705365960715	0.214638428618457	0.088006145067486
15	0.291267871913033	0.251211154436961	0.181023277797471	0.276497695852535
