Pos	A	C	G	T
1	0.252901160464186	0.194477791116447	0.260904361744698	0.29171668667467
2	0.0678851174934726	0.170458784035808	0.0354345393509884	0.726221559119731
3	0.0175505532239603	0.0339565051507058	0.948492941625334	0.0
4	0.109303148213654	0.838344534842589	0.0180403254333215	0.0343119915104351
5	0.0703097807170205	0.0487295509919944	0.0299338670379394	0.851026801253046
6	0.0691862237122828	0.0627857360560805	0.690338311490399	0.177689728741237
7	0.878301213418986	0.033547466095646	0.0563882940756602	0.0317630264097074
8	0.0366434591425431	0.879076584829608	0.0784170025650421	0.00586295346280689
9	0.263518659558264	0.043031226199543	0.668697638994669	0.0247524752475248
10	0.0458747004450531	0.0684697021567956	0.0496405340636768	0.836015063334475
11	0.219491762077632	0.606813739179	0.0868472493716839	0.0868472493716839
12	0.759505703422053	0.0472116603295311	0.0972750316856781	0.0960076045627376
13	0.0630968622100955	0.0392223738062756	0.795020463847203	0.102660300136426
14	0.018470631695604	0.910971555227189	0.0387883265607684	0.0317694865164389
15	0.694877505567929	0.0371195248700817	0.183741648106904	0.0842613214550854
16	0.2936	0.2464	0.1848	0.2752
