Pos	A	C	G	T
1	0.298662704309064	0.20752847944527	0.215453194650817	0.278355621594849
2	0.106870229007634	0.181859003143242	0.0390660080826224	0.672204759766502
3	0.00773320444659256	0.0285161913968101	0.963750604156597	0.0
4	0.097572148419606	0.868529546495648	0.0142006413192854	0.0196976637654604
5	0.0547710740265297	0.086007702182285	0.0231065468549422	0.836114676936243
6	0.0762315713772024	0.0402732829917296	0.608054656598346	0.275440489032722
7	0.875944864384171	0.0297910182303246	0.0515784793241441	0.0426856380613606
8	0.015639374425023	0.752989880404784	0.0929162833486661	0.138454461821527
9	0.138901707429626	0.0738347946469774	0.76603599446239	0.021227503461006
10	0.0168258299226921	0.0627557980900409	0.0281946339245111	0.892223738062756
11	0.256071428571429	0.622142857142857	0.0528571428571429	0.0689285714285714
12	0.833755274261603	0.0194092827004219	0.0632911392405063	0.0835443037974684
13	0.0425343376163048	0.0248116969428445	0.819229065130704	0.113424900310146
14	0.0	0.943467933491686	0.0232779097387173	0.0332541567695962
15	0.7002331002331	0.0391608391608392	0.196270396270396	0.0643356643356643
16	0.269935611688955	0.237246161466072	0.186230807330362	0.306587419514611
