Pos	A	C	G	T
1	0.257692307692308	0.223076923076923	0.237820512820513	0.281410256410256
2	0.0762836185819071	0.267970660146699	0.0234718826405868	0.632273838630807
3	0.029038112522686	0.0223835450695705	0.939503932244404	0.00907441016333938
4	0.136993899057127	0.824736550194121	0.007210205213533	0.0310593455352191
5	0.0751533742331288	0.139570552147239	0.0173824130879346	0.767893660531697
6	0.0714285714285714	0.04399243140965	0.682592242194891	0.201986754966887
7	0.858267716535433	0.0388076490438695	0.0573678290213723	0.0455568053993251
8	0.022892238972641	0.846454494695701	0.113344500279174	0.0173087660524846
9	0.435912240184757	0.102193995381062	0.443995381062356	0.0178983833718245
10	0.0417859187178019	0.0538065254722381	0.0331997710360618	0.871207784773898
11	0.20384047267356	0.700640078778927	0.0433284096504185	0.052191038897095
12	0.766769865841073	0.0288957688338493	0.147574819401445	0.0567595459236326
13	0.046027397260274	0.0252054794520548	0.831780821917808	0.096986301369863
14	0.0132610006027728	0.932489451476793	0.0307414104882459	0.0235081374321881
15	0.631381733021077	0.0365339578454333	0.260889929742389	0.0711943793911007
16	0.299550994227069	0.284156510583708	0.191148171905067	0.225144323284157
