Pos	A	C	G	T
1	0.430851063829787	0.190824468085106	0.148271276595745	0.230053191489362
2	0.500852514919011	0.0652173913043478	0.228900255754476	0.205029838022165
3	0.111238532110092	0.0309633027522936	0.0229357798165138	0.834862385321101
4	0.091304347826087	0.078804347826087	0.0407608695652174	0.789130434782609
5	0.0858614768174013	0.838008013737836	0.0503720663995421	0.0257584430452204
6	0.0490307867730901	0.83751425313569	0.0	0.11345496009122
7	0.00262984878369494	0.0019723865877712	0.00657462195923734	0.988823142669296
8	0.610270518110958	0.198991288399817	0.128381476386978	0.0623567171022467
9	0.0667498440424205	0.000623830318153462	0.931378665003119	0.00124766063630692
10	0.993399339933993	0.0	0.0	0.0066006600660066
11	0.26984126984127	0.0512820512820513	0.127391127391127	0.551485551485551
12	0.391289782244556	0.0368509212730318	0.0850921273031826	0.486767169179229
13	0.481456953642384	0.0139072847682119	0.473509933774834	0.0311258278145695
14	0.0141479099678457	0.965273311897106	0.00514469453376206	0.0154340836012862
15	0.251651982378855	0.142621145374449	0.530837004405286	0.0748898678414097
16	0.134397870924817	0.351297405189621	0.149700598802395	0.364604125083167
