Pos	A	C	G	T
1	0.163461538461538	0.492445054945055	0.14010989010989	0.203983516483516
2	0.085166561910748	0.357950974230044	0.0499685732243872	0.506913890634821
3	0.165472956285503	0.154853050135836	0.559397382069647	0.120276611509015
4	0.0308014354066986	0.869019138755981	0.0965909090909091	0.00358851674641148
5	0.0176843510176844	0.969302635969303	0.012012012012012	0.001001001001001
6	0.0231023102310231	0.958085808580858	0.00627062706270627	0.0125412541254125
7	0.0101660454083362	0.983734327346662	0.00169434090138936	0.00440528634361234
8	0.0114401076716016	0.977792732166891	0.00336473755047106	0.00740242261103634
9	0.019281914893617	0.966755319148936	0.00498670212765957	0.00897606382978723
10	0.0104026845637584	0.977852348993289	0.00402684563758389	0.00771812080536913
11	0.0293040293040293	0.959373959373959	0.00566100566100566	0.00566100566100566
12	0.830304806565064	0.125146541617819	0.0117233294255569	0.0328253223915592
13	0.0774689532820816	0.712891780011827	0.0133057362507392	0.196333530455352
