Pos	A	C	G	T
1	0.462927496580027	0.12202462380301	0.253625170998632	0.161422708618331
2	0.0786543473110637	0.330016583747927	0.154702677090737	0.436626391850272
3	0.908879109500388	0.0129433083096039	0.0665286047113642	0.0116489774786435
4	0.010452051215051	0.949830154167755	0.0177684870655866	0.021949307551607
5	0.875654124096686	0.0304011961126339	0.0244206329429355	0.0695240468477448
6	0.0437759843482514	0.0882856444118366	0.839814135485449	0.0281242357544632
7	0.002686005909213	0.0002686005909213	0.0158474348643567	0.981197958635509
8	0.00695187165775401	0.971657754010695	0.0160427807486631	0.0053475935828877
9	0.0201538053566693	0.952797666401485	0.00344736144258817	0.0236011667992575
10	0.708038422649141	0.00227502527805865	0.17618806875632	0.113498483316481
11	0.00570835495588998	0.93227815256876	0.0339906590555267	0.0280228334198236
12	0.040650406504065	0.945974298452662	0.003933910306845	0.00944138473642801
13	0.00623862750194957	0.905380816220432	0.00493891343904341	0.0834416428385755
14	0.000272628135223555	0.996728462377317	0.000817884405670665	0.00218102508178844
15	0.1728	0.0731428571428571	0.0299428571428571	0.724114285714286
16	0.031416265518115	0.0537116797567773	0.0131745629592095	0.901697491765898
17	0.131185270425777	0.110011507479862	0.329804372842348	0.428998849252014
18	0.545678336980306	0.133752735229759	0.25355579868709	0.0670131291028446
