Pos	A	C	G	T
1	0.540994933210502	0.22316904652234	0.180101335789959	0.0557346844771994
2	0.229562830817487	0.309547147618114	0.0268574789257008	0.434032542638698
3	0.0	0.00115048320294524	0.0	0.998849516797055
4	0.0	0.00229832222477591	0.997701677775224	0.0
5	0.951725693661178	0.040604556733589	0.000902323482968644	0.00676742612226483
6	0.0	0.000690766751093714	0.0	0.999309233248906
7	0.237733241188666	0.10873070721032	0.302925593181295	0.350610458419719
8	0.381336405529954	0.278341013824885	0.240552995391705	0.0997695852534562
9	0.00824499411071849	0.767962308598351	0.00922654102866117	0.214566156262269
10	0.0	0.994948335246843	0.000918484500574053	0.00413318025258324
11	0.00504587155963303	0.994954128440367	0.0	0.0
12	0.794491111545224	0.0623168587614768	0.113694080875171	0.0294979488181285
13	0.162579648580807	0.502027418420545	0.0654566518632941	0.269936281135354
14	0.0842512077294686	0.722705314009662	0.0566183574879227	0.136425120772947
15	0.00106473594548552	0.885434412265758	0.0	0.113500851788756
16	0.0517241379310345	0.0515138772077376	0.0273338940285955	0.869428090832633
17	0.559516616314199	0.127492447129909	0.233232628398792	0.0797583081570997
18	0.13963133640553	0.4963133640553	0.106221198156682	0.257834101382488
