Pos	A	C	G	T
1	0.163590441033612	0.459685253545755	0.233145521663105	0.143578783757529
2	0.201679586563308	0.0289405684754522	0.562532299741602	0.206847545219638
3	0.144871579654188	0.83129091824744	0.00587544065804935	0.0179620614403223
4	0.0	0.99980574980575	0.0	0.000194250194250194
5	0.99516253869969	0.00464396284829721	0.000193498452012384	0.0
6	0.0001941370607649	0.0005824111822947	0.0001941370607649	0.999029314696176
7	0.0983823043908881	0.379498184219214	0.0874876196764609	0.434631891713437
8	0.0020094994519547	0.000182681768359518	0.092802338326635	0.905005480453051
9	0.0	0.0	0.000970496894409938	0.99902950310559
10	0.0353528715994217	0.000657116572479958	0.33933499802865	0.624655013799448
11	0.195189103028547	0.011737429358064	0.681060715838284	0.112012751775105
12	0.372555805502682	0.0218030801176674	0.494030109015401	0.11161100536425
13	0.00707860197610972	0.694735289780268	0.108686034508185	0.189500073735437
14	0.346871356393315	0.115623785464438	0.300233190827827	0.237271667314419
15	0.379832912376141	0.088789586166699	0.15892753060035	0.37244997085681
16	0.400866551126516	0.0840554592720971	0.0935875216637782	0.421490467937608
17	0.32413525068014	0.101049358725223	0.114263505635445	0.460551884959192
18	0.262609649122807	0.276452850877193	0.0796326754385965	0.381304824561404
19	0.149803115904811	0.00667693888032871	0.832734120869714	0.0107858243451464
20	0.00463588951129998	0.000386324125941665	0.00154529650376666	0.993432489858992
21	0.000194212468440474	0.000194212468440474	0.999611575063119	0.0
22	0.0119739993157715	0.862983236400958	0.0360930550803969	0.0889497092028738
23	0.0340618790803293	0.223814930456997	0.0667045131989781	0.675418677263696
