Pos	A	C	G	T
1	0.0275900690685085	0.525816688445025	0.0830502146723913	0.363543027814075
2	0.391648965462985	0.00100306820863819	0.589607426638345	0.0177405396900323
3	0.296121697104148	0.000217882185160242	0.694113219506398	0.00954720120429426
4	0.00546933617659835	0.982881175216207	0.00100698969316432	0.0106424989140307
5	0.373123053963926	0.000110544061020322	0.474455109899221	0.152311292075833
6	9.94095075252997e-05	0.0	0.999900590492475	0.0
7	0.0	0.000159039402011848	0.0	0.999840960597988
8	0.0	0.00109285274306038	0.00842490114650188	0.990482246110438
9	0.0	0.000119243993083848	0.0	0.999880756006916
10	1.97612836929887e-05	0.984428108449925	0.000177851553236898	0.0153742787131452
11	0.508417703210877	0.0263619708803394	0.417182528203645	0.0480377977051393
12	0.997971925080526	0.0	0.0	0.0020280749194735
13	0.000218297281206589	0.00283786465568565	0.989978170271879	0.00696566779122842
14	0.0690277724426689	0.0198594092113855	0.681423577766681	0.229689240579265
15	0.122345909861419	0.559879768624504	0.210352480645894	0.107421840868182
16	0.0888936835859539	0.291295826815542	0.048150745275725	0.571659744322779
17	0.158302847144902	0.464907746142834	0.173592333386353	0.203197073325911
18	0.126927058823529	0.797270588235294	0.0574494117647059	0.0183529411764706
19	0.0	0.991538889330261	9.93088106776833e-05	0.00836180185906094
20	0.0318273997296079	0.933922938260478	0.0233213159080667	0.0109283461018477
