Pos	A	C	G	T
1	0.0818790740645691	0.54000923882359	0.283503567212442	0.0946081198993995
2	0.0821336549531276	0.0340441861740036	0.162688449098185	0.721133709774683
3	0.179695497810982	0.00606608438064952	0.00605519374441855	0.80818322406395
4	0.977146142054165	0.000204394481349004	0.0012008175779254	0.0214486458865611
5	0.970373701039169	0.00370953237410072	0.0258543165467626	6.24500399680256e-05
6	0.0341448228628354	9.96201979951435e-05	0.965705746840172	4.98100989975718e-05
7	0.057737003058104	0.0131253822629969	0.922262996941896	0.00687461773700306
8	0.0712920072369856	0.212580036698189	0.218495374231712	0.497632581833113
9	0.0651028285314819	0.249859589163868	0.661663659285637	0.0233739230190122
10	0.000191774166741246	0.00314509633455643	0.98991267882941	0.00675045066929184
11	0.491893157233324	0.0613310992287411	0.000480496759726979	0.446295246778208
12	0.268576854477564	0.4496939678955	0.276737710597565	0.00499146702937138
13	0.285646461017297	0.125776317815532	0.0684827798593646	0.520094441307807
14	0.774896385356653	0.111839657141391	0.0286913117678005	0.0845726457341563
15	0.00117960261460543	0.0771395177697935	0.145220986104498	0.776459893511103
16	0.811501558837035	0.00733499287043527	0.0566619136235106	0.124501534669019
17	0.000551388087452715	0.999192152336988	0.000205167660447522	5.12919151118805e-05
18	0.0623476274796623	0.60925911668848	0.114199194189956	0.214194061641902
19	0.627688241030642	0.139737206795668	0.0870374172355387	0.145537134938151
20	0.0579869615116128	0.814219287970752	0.0592766123593512	0.0685171381582839
21	9.86412172326207e-05	0.955438830115164	0.000197282434465241	0.0442652462331385
22	0.000621349571268796	0.035702746365105	0.00144153100534361	0.962234373058283
23	0.0193875725276691	0.000626230094829129	0.000281164532372262	0.979705032845129
24	0.789905473345236	0.0143049607325542	0.000952933831341665	0.194836632090868
25	0.64138967412436	0.152208409083744	0.123467039376202	0.0829348774156937
26	0.135988605597115	0.282922510361464	0.289979854490396	0.291109029551025
