Pos	A	C	G	T
1	0.206094540755895	0.415527080865726	0.275869494993001	0.102508883385377
2	0.0669520024457353	0.697747885458066	0.019362070722511	0.215938041373688
3	0.0438973284442116	0.00073336825563122	0.954845468831849	0.000523834468308015
4	0.0	0.999677037356013	0.0	0.000322962643987512
5	0.0	0.00150440575972491	0.000752202879862454	0.997743391360413
6	0.00171729097348932	0.00171729097348932	0.0	0.996565418053021
7	0.0	0.999354074712025	0.0	0.000645925287975024
8	0.804621072088725	0.100277264325323	0.0751386321626617	0.0199630314232902
9	0.0111854684512428	0.848852772466539	0.0239961759082218	0.115965583173996
10	0.0524808477124651	0.528316746617026	0.194673158158516	0.224529247511993
11	0.322851604566013	0.0103381434417403	0.609950463062675	0.0568597889295714
12	0.0707738046081427	0.687009662234702	0.0151127260715171	0.227103807085639
13	0.0871233389481565	0.0404267265581134	0.842317050346247	0.0301328841474827
14	0.11579797979798	0.118545454545455	0.679838383838384	0.0858181818181818
15	0.0715694006309148	0.485508675078864	0.035686119873817	0.407235804416404
16	0.558231844835363	0.243482183130356	0.0807397383852052	0.117546233649075
17	0.257887369441154	0.242812533649187	0.33218477441585	0.167115322493809
