Pos	A	C	G	T
1	0.173553719008264	0.487603305785124	0.19504132231405	0.143801652892562
2	0.198090692124105	0.0274463007159905	0.606205250596659	0.168257756563246
3	0.154390934844193	0.797450424929179	0.0311614730878187	0.0169971671388102
4	0.0	1.0	0.0	0.0
5	0.988599348534202	0.00814332247557003	0.00162866449511401	0.00162866449511401
6	0.0	0.00164744645799012	0.0	0.99835255354201
7	0.102310231023102	0.448844884488449	0.113861386138614	0.334983498349835
8	0.00925925925925926	0.0	0.0848765432098765	0.905864197530864
9	0.0	0.0	0.00164473684210526	0.998355263157895
10	0.0354838709677419	0.0021505376344086	0.408602150537634	0.553763440860215
11	0.206482593037215	0.0348139255702281	0.677070828331333	0.0816326530612245
12	0.402640264026403	0.0478547854785479	0.432343234323432	0.117161716171617
13	0.0191846522781775	0.630695443645084	0.164268585131894	0.185851318944844
14	0.4	0.135537190082645	0.208264462809917	0.256198347107438
15	0.437293729372937	0.117161716171617	0.128712871287129	0.316831683168317
16	0.361386138613861	0.107260726072607	0.0775577557755776	0.453795379537954
17	0.275123558484349	0.135090609555189	0.177924217462932	0.411861614497529
18	0.185185185185185	0.452380952380952	0.0833333333333333	0.279100529100529
19	0.117730496453901	0.00851063829787234	0.846808510638298	0.0269503546099291
20	0.0111642743221691	0.0159489633173844	0.0111642743221691	0.961722488038278
21	0.0112721417069243	0.0144927536231884	0.972624798711755	0.00161030595813205
22	0.032122905027933	0.790502793296089	0.079608938547486	0.0977653631284916
23	0.0280528052805281	0.145214521452145	0.331683168316832	0.495049504950495
