Pos	A	C	G	T
1	0.165373244641537	0.261825572801183	0.272727272727273	0.300073909830007
2	0.555555555555556	0.335365853658537	0.0553861788617886	0.0536924119241192
3	0.99668202764977	0.000921658986175115	0.000184331797235023	0.00221198156682028
4	0.999261174732176	0.00036941263391208	0.0	0.00036941263391208
5	0.0	0.00202952029520295	0.0	0.997970479704797
6	0.0	1.0	0.0	0.0
7	0.798435054773083	0.00594679186228482	0.0	0.195618153364632
8	0.0982142857142857	0.603649068322981	0.295031055900621	0.0031055900621118
9	0.341093865484109	0.109756097560976	0.0341832963784183	0.514966740576497
10	0.0901422428051604	0.00347337082368508	0.865530929540192	0.0408534568309626
11	0.0205283259070656	0.833068109484405	0.00875238701464036	0.137651177593889
12	0.471308686777047	0.108414606486732	0.247334996597868	0.172941710138353
13	0.264966740576497	0.291574279379157	0.146526237989653	0.296932742054693
14	0.147080561714708	0.288987435328899	0.164264597191426	0.399667405764967
15	0.06431343559416	0.231195712437627	0.189059323600074	0.515431528368139
16	0.0313465101914762	0.796633724521309	0.111951822112415	0.0600679431747993
17	0.901793339026473	0.0252775405636208	0.0204953031596926	0.0524338172502135
18	0.0949142938093214	0.692024366057515	0.0436322425272702	0.169429097605893
19	0.100825082508251	0.0128712871287129	0.0127062706270627	0.873597359735974
20	0.201712378464664	0.518212160789436	0.118850674793209	0.161224785952692
21	0.320273516909998	0.274995379781926	0.184623914248753	0.220107189059324
