Pos	A	C	G	T
1	0.0824046089913109	0.378494522100491	0.302653947865508	0.23644692104269
2	0.0670848347346412	0.0993371591262956	0.0214422349748654	0.812135771164198
3	0.00150531564587449	0.00484523473515853	0.000940822278671559	0.992708627340295
4	0.000188777195714758	0.000566331587144273	0.00080230308178772	0.998442588135353
5	0.000376949535880884	0.992837958818263	0.000801017763746878	0.00598407388210903
6	0.000793243432410993	0.0128785404320844	0.982268676216695	0.0040595399188092
7	0.00966657326982348	0.000700476323900252	0.00177454002054731	0.987858410385729
8	0.00523042126095561	0.000612571859391198	0.992554895862784	0.00160211101686929
9	0.000518501060570351	0.000895592740985152	0.997831722837615	0.000754183360829602
10	0.00070774747570067	0.998773237708785	0.000519014815513825	0.0
11	0.980633967926475	0.00361061614930132	0.0150520491418925	0.000703366782331426
12	0.0110754142712208	0.178136624957727	0.763865404125803	0.0469225566452486
13	0.0	0.00051854994578796	0.00197991797482676	0.997501532079385
14	0.000326463986941441	0.826280350948786	0.000489695980412161	0.17290348908386
15	0.171254752851711	0.0378707224334601	0.70787072243346	0.0830038022813688
16	0.0	0.00047152018106375	0.001886080724255	0.997642399094681
17	0.000278060988043378	0.957781073315414	0.000278060988043378	0.0416628047084994
18	0.125629722921914	0.0289222741993523	0.474991003958258	0.370456998920475
19	0.344273907910272	0.208217237308146	0.205383707201889	0.242125147579693
