Pos	A	C	G	T
1	0.233018867924528	0.259190505173463	0.204656116859404	0.303134510042605
2	0.155821917808219	0.182145777959517	0.108311183806992	0.553721120425271
3	0.164873326142432	0.00605088000841862	0.779300728736418	0.0497750651127305
4	0.0082780467395852	0.975673898750822	0.0011356165202319	0.0149124379893611
5	0.0633203730230655	0.00362498903733154	0.000233870260473003	0.93282076767913
6	0.0248281786941581	0.0689003436426117	0.0150057273768614	0.891265750286369
7	0.0	6.0856864654333e-05	3.04284323271665e-05	0.999908714703018
8	0.0	0.986813583815029	0.0	0.0131864161849711
9	0.00423412204234122	0.112024353120244	0.041621696416217	0.842119828421198
10	0.99878397276099	9.12020429257615e-05	0.000334407490727792	0.0007904177053566
11	0.0462415790095733	0.000236378678643186	0.944421463184021	0.00910057912776268
12	0.000209649884692563	0.00467219743029141	0.966485968432717	0.0286321842522987
13	0.973606773961086	0.00150132116262311	0.0111698294499159	0.0137220754263752
14	0.987708383667553	0.00108721913505678	0.000845614882821938	0.0103587823145687
15	0.20128780776632	0.17407608427493	0.018601667735728	0.606034440223023
16	0.237698183256748	0.18693892456103	0.23921974376921	0.336143148413012
