Pos	A	C	G	T
1	0.151107121484141	0.271992818671454	0.159844404548175	0.41705565529623
2	0.485428759499731	0.218897732032793	0.262761055592125	0.0329124528753516
3	0.0938154854655849	0.571328784052442	0.0441136962011714	0.290742034280802
4	0.00368175803946384	0.0247943392970143	0.95161939826267	0.0199045044008514
5	0.126216673719848	0.860029623360135	0.0021688531527719	0.011584849767245
6	0.227722772277228	0.0153537092839719	0.039364806045822	0.717558712392978
7	0.683784668631027	0.00477059071137926	0.296010476591366	0.015434264066227
8	0.0458622530699413	0.096903363587827	0.000480512546716498	0.856753870795515
9	0.933359755407089	0.0	0.0666402445929113	0.0
10	0.9998204882719	5.98372426998564e-05	5.98372426998564e-05	5.98372426998564e-05
11	0.000830072334874896	0.990157713743626	0.00444681607968694	0.00456539784181193
12	0.214473153007671	0.0	0.785375454178442	0.000151392813887767
13	0.991863158519926	0.00124725307358793	0.00148482508760468	0.00540476331888104
14	0.0392177702200021	0.144064193856945	0.814804973961101	0.00191306196195132
15	0.00369245429098922	0.598475373712108	0.00268000714668572	0.395152164850217
16	0.989364230540701	0.00160427807486631	0.00784313725490196	0.0011883541295306
17	0.0301830032589621	0.174730508899474	0.375081474053648	0.420005013787917
18	0.0246374377064785	0.747466263508595	0.158687496500364	0.0692088022845624
19	0.291285048041805	0.625049165589706	0.00443895038489633	0.0792268359835927
20	0.00429715093006828	0.981222039086414	0.000941841299740994	0.0135389686837768
21	0.0541433146517214	0.731935548438751	0.103032425940753	0.110888710968775
