Pos	A	C	G	T
1	0.124751271280124	0.325281892549193	0.358224629670573	0.191742206500111
2	0.0566888976069047	0.119409572381326	0.0423205178501373	0.781581012161632
3	0.0095839915745129	0.0458662453923117	0.0271195365982096	0.917430226434966
4	0.0	0.0004963874027908	0.00231647454635707	0.997187138050852
5	0.000555163016049258	0.814626022004643	0.00136267285757545	0.183456142121732
6	0.0261216653193209	0.0902890056588521	0.854132983023444	0.0294563459983832
7	0.0300224767205394	0.000321096007706304	0.00198009204752221	0.967676335224232
8	0.000937465534355355	0.000165435094298004	0.996911878239771	0.00198522113157604
9	0.0	0.000440334654337296	0.995321444297666	0.00423822104799648
10	0.000938345200640283	0.998233703151736	0.000441574212066015	0.000386377435557763
11	0.868668596237337	0.00118875335952036	0.130039280545793	0.000103369857349597
12	0.0039180388627098	0.0870969449886165	0.891830359506539	0.0171546566421348
13	0.0	0.000883197173769044	0.00198719364098035	0.997129609185251
14	0.00038469993405144	0.992745658386459	0.00043965706748736	0.00642998461200264
15	0.00531244865545758	0.00449093597677858	0.985705679390985	0.00449093597677858
16	0.0	0.000607030517079631	0.00137961481154462	0.998013354671376
17	0.00021680216802168	0.959024390243902	0.00021680216802168	0.0405420054200542
18	0.13380423814329	0.0358224016145308	0.256407669021191	0.573965691220989
19	0.409794384258236	0.173115189033827	0.175160291841698	0.241930134866239
