Pos	A	C	G	T
1	0.248580020046776	0.274306715669896	0.189776144336786	0.287337119946542
2	0.300625711035267	0.0435153583617747	0.515073947667804	0.140784982935154
3	0.0332001229634184	0.901936673839533	0.0249000922225638	0.0399631109744851
4	0.161618497109827	0.127630057803468	0.600231213872832	0.110520231213873
5	0.0428893905191874	0.950661077071912	0.00483714930667527	0.00161238310222509
6	0.0495468277945619	0.0673716012084592	0.00181268882175227	0.881268882175227
7	0.788456150182124	0.036144578313253	0.159428411319697	0.0159708601849257
8	0.833284841431481	0.129764329356997	0.0192027931335467	0.017748036077975
9	0.00165453342157512	0.989410986101919	0.00595632031767042	0.00297816015883521
10	0.00163238654913484	0.97518772445315	0.00620306888671237	0.0169768201110023
11	0.920888055034397	0.025328330206379	0.0519074421513446	0.00187617260787992
12	0.0153385049365303	0.603138222849083	0.0155148095909732	0.366008462623413
13	0.00850439882697947	0.136950146627566	0.0032258064516129	0.851319648093842
14	0.260005445140212	0.151374897903621	0.497413558399129	0.0912060985570378
15	0.21850985633144	0.366187771466756	0.203474774473772	0.211827597728032
