Pos	A	C	G	T
1	0.272130669388946	0.20358757474114	0.400904185503865	0.123377570366049
2	0.258016590318187	0.539309149436672	0.0820849325244521	0.120589327720688
3	0.0688056147386891	0.806868028575009	0.060533901491415	0.0637924551948866
4	0.689189189189189	0.2181148090239	0.071364753182935	0.0213312486039759
5	0.012987012987013	0.973169687455402	0.00185528756957328	0.011988011988012
6	0.312950768265914	0.00794397407755827	0.599665516880945	0.0794397407755827
7	0.0	1.0	0.0	0.0
8	0.00029120559114735	0.998980780430984	0.000728013977868375	0.0
9	0.00144196106705119	0.772891131939438	0.000240326844508532	0.225426580149003
10	0.36832895888014	0.421551472732575	0.0284339457567804	0.181685622630505
11	0.0886555847185768	0.644648585593467	0.0529308836395451	0.213764946048411
12	0.190608137669535	0.254046959311652	0.36225754703223	0.193087355986583
13	0.274278215223097	0.483085447652377	0.0616797900262467	0.180956547098279
14	0.0298853711790393	0.900927947598253	0.0125545851528384	0.056632096069869
15	0.855450236966825	0.116377040547657	0.0209320695102686	0.00724065297525013
16	0.0	0.987583020502455	0.0	0.0124169794975455
17	0.153654898060666	0.000372948781700646	0.810169070114371	0.0358030830432621
18	0.0	0.995932597327135	0.00246949447995352	0.0015979081929111
19	0.00245735761780862	0.990893321769297	0.00636021971668112	0.000289100896212778
20	0.01087643859871	0.816238775768307	0.00303528519033768	0.169849500442646
21	0.432011331444759	0.408189544166881	0.0189286634045841	0.140870460983775
22	0.0758446334176052	0.705814755228683	0.0426338772695932	0.175706734084119
