Pos	A	C	G	T
1	0.123633182679691	0.012927054478301	0.748845798707295	0.114593964134714
2	0.00398165415049645	0.805604556221965	0.0125497706768812	0.177864018950658
3	0.811268755741554	0.183219352863121	0.0054608553638869	5.10360314381954e-05
4	0.000356654580039232	0.0	0.000297212150032693	0.999346133269928
5	0.8	0.000204081632653061	0.000255102040816327	0.199540816326531
6	0.995498696991234	0.000236910684671879	0.00414593698175788	0.000118455342335939
7	0.0105374077976818	0.511628782176727	0.000602137588438958	0.477231672437152
8	0.0059634089856415	0.136232051875868	0.0264590088003705	0.83134553033812
9	0.00159971560611447	0.00248844649840028	0.995556345538571	0.000355492356914326
10	0.00501574711302928	0.97871223609005	0.000233290563396711	0.0160387262335239
11	0.0369340746624305	0.948485192329513	0.000624078066492681	0.0139566549415636
12	0.00160208864890524	0.99709250578532	0.00035601969975672	0.00094938586601792
13	0.00154440154440154	0.597505197505197	0.0	0.400950400950401
14	0.00455648263210841	0.000473400792946328	0.994319190484644	0.000650926090301201
15	0.00627639605818864	0.982167996245894	0.000410605349601126	0.0111450023463163
16	0.253060452805218	0.036772699343007	0.273573758094248	0.436593089757527
17	0.165078049454345	0.150941658608463	0.414513975226781	0.269466316710411
18	0.0992964422932987	0.758145801107729	0.0428122349184172	0.0997455216805549
19	0.188964205018433	0.585325246759424	0.100903793554525	0.124806754667618
