Pos	A	C	G	T
1	0.161290322580645	0.56989247311828	0.231182795698925	0.0376344086021505
2	0.130769230769231	0.861538461538462	0.00769230769230769	0.0
3	0.0	0.220125786163522	0.0188679245283019	0.761006289308176
4	0.761006289308176	0.150943396226415	0.0	0.0880503144654088
5	0.075187969924812	0.909774436090226	0.0075187969924812	0.0075187969924812
6	0.0451127819548872	0.909774436090226	0.0300751879699248	0.0150375939849624
7	0.0888888888888889	0.837037037037037	0.0296296296296296	0.0444444444444444
8	0.149425287356322	0.252873563218391	0.0172413793103448	0.580459770114943
9	0.146341463414634	0.495934959349593	0.0813008130081301	0.276422764227642
10	0.358333333333333	0.15	0.25	0.241666666666667
11	0.228070175438596	0.578947368421053	0.157894736842105	0.0350877192982456
12	0.0373134328358209	0.888059701492537	0.0298507462686567	0.0447761194029851
13	0.0263157894736842	0.138157894736842	0.0263157894736842	0.809210526315789
14	0.746913580246914	0.172839506172839	0.037037037037037	0.0432098765432099
15	0.046875	0.9375	0.0	0.015625
16	0.0465116279069767	0.930232558139535	0.0155038759689922	0.00775193798449612
17	0.105263157894737	0.723684210526316	0.0526315789473684	0.118421052631579
18	0.125	0.352941176470588	0.0294117647058824	0.492647058823529
