Pos	A	C	G	T
1	0.354371921182266	0.507389162561576	0.103448275862069	0.0347906403940887
2	0.0784548585117533	0.841143883814942	0.00763587363377751	0.0727653840395269
3	0.044986535719943	0.0299382227150325	0.0136226833518137	0.911452558213211
4	0.969323107702568	0.0116705568522841	0.00583527842614205	0.0131710570190063
5	0.0123663101604278	0.964070855614973	0.00501336898395722	0.0185494652406417
6	0.0111750761937013	0.983914663054521	0.00152387402641382	0.00338638672536404
7	0.188864768228834	0.594432384114417	0.049163580641042	0.167539267015707
8	0.128451563691838	0.232036613272311	0.0390541571319603	0.60045766590389
9	0.305813553491572	0.333505331957344	0.13312693498452	0.227554179566563
10	0.229485635644246	0.467056597281954	0.143643557543437	0.159814209530363
11	0.262641898864809	0.275541795665635	0.249570003439972	0.212246302029584
12	0.394383029578727	0.441888258141619	0.116970421272782	0.0467582910068718
13	0.0913759250868449	0.822987464129286	0.012686905301314	0.0729497054825555
14	0.0499609679937549	0.0409055425448868	0.0231069476971116	0.886026541764247
15	0.958994708994709	0.0166997354497355	0.00380291005291005	0.0205026455026455
16	0.0164124668435013	0.963693633952255	0.00646551724137931	0.0134283819628647
17	0.00679347826086957	0.986243206521739	0.00356657608695652	0.00339673913043478
18	0.16076461217988	0.580321039088347	0.0770738880039211	0.181840460727852
19	0.155834453907067	0.187808157776782	0.0563275063499178	0.600029881966233
