Pos	A	C	G	T
1	0.244384546271339	0.580413297394429	0.141060197663971	0.0341419586702606
2	0.0487551867219917	0.901452282157676	0.0	0.0497925311203319
3	0.0120614035087719	0.0339912280701754	0.0	0.953947368421053
4	0.970132743362832	0.0188053097345133	0.00221238938053097	0.00884955752212389
5	0.00338983050847458	0.990960451977401	0.00225988700564972	0.00338983050847458
6	0.0	0.996594778660613	0.00113507377979569	0.00227014755959137
7	0.0405539070227498	0.833827893175074	0.00791295746785361	0.117705242334322
8	0.0851466414380322	0.193945127719962	0.0075685903500473	0.713339640491958
9	0.218678815489749	0.445330296127563	0.0182232346241458	0.317767653758542
10	0.289772727272727	0.0954545454545455	0.535227272727273	0.0795454545454545
11	0.218071242397915	0.699391833188532	0.0616854908774978	0.0208514335360556
12	0.0331196581196581	0.922008547008547	0.0106837606837607	0.0341880341880342
13	0.00548245614035088	0.0339912280701754	0.00109649122807018	0.959429824561403
14	0.959295929592959	0.0165016501650165	0.0077007700770077	0.0165016501650165
15	0.00790960451977401	0.990960451977401	0.00112994350282486	0.0
16	0.00113378684807256	0.99546485260771	0.00113378684807256	0.00226757369614512
17	0.0766961651917404	0.789577187807276	0.0147492625368732	0.11897738446411
18	0.0845814977973568	0.186784140969163	0.0140969162995595	0.714537444933921
