Pos	A	C	G	T
1	0.0082815734989648	0.98343685300207	0.0082815734989648	0.0
2	0.0688336520076482	0.0191204588910134	0.908221797323136	0.00382409177820268
3	0.0356435643564356	0.940594059405941	0.0237623762376238	0.0
4	0.0115830115830116	0.0	0.916988416988417	0.0714285714285714
5	0.668073136427567	0.019690576652602	0.270042194092827	0.0421940928270042
6	0.202105263157895	0.00842105263157895	0.0252631578947368	0.764210526315789
7	0.717894736842105	0.0252631578947368	0.248421052631579	0.00842105263157895
8	0.221052631578947	0.168421052631579	0.136842105263158	0.473684210526316
9	0.449367088607595	0.128691983122363	0.29535864978903	0.126582278481013
10	0.551578947368421	0.12	0.254736842105263	0.0736842105263158
11	0.0193423597678917	0.918762088974855	0.011605415860735	0.0502901353965184
12	0.493762993762994	0.123700623700624	0.249480249480249	0.133056133056133
13	0.188709677419355	0.0209677419354839	0.766129032258065	0.0241935483870968
14	0.00602409638554217	0.953815261044177	0.0120481927710843	0.0281124497991968
15	0.064957264957265	0.0547008547008547	0.811965811965812	0.0683760683760684
