Pos	A	C	G	T
1	0.13042904290429	0.506930693069307	0.1803300330033	0.182310231023102
2	0.0471790839394535	0.168566935325339	0.0396107725574995	0.744643208177708
3	0.227866356862431	0.0309270090537617	0.607002644018909	0.134203990064899
4	0.957290876926965	0.00328531715946424	0.0208491281273692	0.0185746777862017
5	0.0131780962128966	0.0144575230296827	0.00307062436028659	0.969293756397134
6	0.0116056218057922	0.80664395229983	0.00724020442930153	0.174510221465077
7	0.189115360369826	0.00357217902920782	0.795965538978777	0.0113469216221895
8	0.889306256602888	0.0203075478342528	0.0859255781194976	0.0044606174433619
9	0.0659706287287747	0.0461220743460303	0.0187012391005048	0.86920605782469
10	0.123135159207304	0.278111779113783	0.0334001336005344	0.565352928078379
11	0.47986798679868	0.0696369636963696	0.353575357535754	0.0969196919691969
12	0.171221122112211	0.15986798679868	0.429306930693069	0.23960396039604
