Pos	A	C	G	T
1	0.0985334733730112	0.413525498891353	0.309468238223052	0.178472789512584
2	0.00887978142076503	0.0532616120218579	0.0598872950819672	0.87797131147541
3	0.206873747884776	0.163752358352946	0.135802229008227	0.493571664754051
4	0.061842636652561	0.000737476075924918	0.902776070657232	0.0346438166142825
5	0.833446727445911	0.000388779814552028	0.165989541822989	0.000174950916548413
6	0.000155487745622048	0.000272103554838584	0.00029153952304134	0.999280869176498
7	0.000115890522086802	0.993065883761806	0.000135205609101269	0.00668302010700558
8	0.00553763541103425	0.035836145656592	0.172114183431842	0.786512035500531
9	0.704127280507255	0.194266153187848	0.0708756369860349	0.0307309293188626
10	0.413039250009725	0.0094332283035749	0.535710117866729	0.0418174038199712
11	0.308184541175555	0.282821799509861	0.310304586299452	0.0986890730151321
12	0.0853480637192928	0.104681695291074	0.5564351428627	0.253535098126933
13	0.0450460963939783	0.0756408760259851	0.584976854553235	0.294336173026802
14	0.330039871632792	0.360381211708645	0.154954779733541	0.154624136925022
15	0.441319484965185	0.25327731746217	0.221437740693196	0.0839654568794492
16	0.375111837242774	0.461372388843506	0.113548838837671	0.0499669350760493
17	0.91846796955947	0.000535924827610847	0.0789774554289185	0.00201865018400086
18	0.00364539881751242	0.0616634625847873	0.932460372157133	0.0022307664405673
19	0.000375354240564533	0.0342323067394854	0.000469192800705666	0.964923146219244
20	9.65922262576308e-05	0.993238544161966	0.00652963449501584	0.000135229116760683
21	0.994602750856015	0.00017410481109628	0.000328864643181862	0.00489427968970654
22	0.00011660447761194	0.000699626865671642	0.0	0.999183768656716
23	0.161201229237173	0.0397946084724005	0.34883494767962	0.450169214610806
