Pos	A	C	G	T
1	0.154613466334165	0.478802992518703	0.235660847880299	0.130922693266833
2	0.405895691609977	0.248677248677249	0.199546485260771	0.145880574452003
3	0.590673575129534	0.239378238341969	0.0963730569948187	0.0735751295336788
4	0.0985221674876847	0.789162561576355	0.0394088669950739	0.0729064039408867
5	0.0984802431610942	0.206686930091185	0.48693009118541	0.20790273556231
6	0.0335946248600224	0.896976483762598	0.013437849944009	0.0559910414333707
7	0.054176072234763	0.904063205417607	0.00790067720090293	0.0338600451467269
8	0.0378197997775306	0.890989988876529	0.0433815350389321	0.0278086763070078
9	0.0764262648008611	0.86221743810549	0.031216361679225	0.0301399354144241
10	0.0535307517084282	0.912300683371298	0.0193621867881549	0.0148063781321185
11	0.0281531531531532	0.902027027027027	0.0281531531531532	0.0416666666666667
12	0.239673635900051	0.26925038245793	0.408465068842427	0.082610912799592
13	0.324594257178527	0.34956304619226	0.149812734082397	0.176029962546816
