Pos	A	C	G	T
1	0.23946587537092	0.197329376854599	0.373293768545994	0.189910979228487
2	0.132679401135777	0.00955085183273103	0.818017552916882	0.0397521941146102
3	0.0949439487531457	0.141615191031801	0.0851063829787234	0.67833447723633
4	0.560234244283324	0.295036252091467	0.0878416062465142	0.0568878973786949
5	0.00613855597778427	0.985092078339667	0.00701549254603917	0.00175387313650979
6	0.263987391646966	0.134751773049645	0.556343577620173	0.0449172576832151
7	0.0	0.000296647878967665	0.999703352121032	0.0
8	0.00381455399061033	0.0085093896713615	0.00528169014084507	0.982394366197183
9	0.0816657652785289	0.0224445646295295	0.0535424553812872	0.842347214710654
10	0.0454172366621067	0.0366621067031464	0.908891928864569	0.00902872777017784
11	0.0848916592460671	0.392401306025527	0.0492727812407242	0.473434253487682
12	0.175719798159691	0.322054021964975	0.203918076580588	0.298308103294746
13	0.114277233600475	0.447610566933808	0.163550014841199	0.274562184624518
14	0.42433234421365	0.135608308605341	0.366765578635015	0.0732937685459941
15	0.0688631641436628	0.171861086375779	0.260017809439003	0.499257940041555
16	0.0	0.000296647878967665	0.999703352121032	0.0
17	0.0	0.00589970501474926	0.000884955752212389	0.993215339233038
18	0.00667828106852497	0.0301974448315912	0.000871080139372822	0.962253193960511
19	0.0	0.0098702763677383	0.93824027072758	0.0518894529046813
20	0.0	0.972109238814643	0.000290528762347472	0.0276002324230099
21	0.738689740420272	0.00889987639060569	0.0974042027194067	0.155006180469716
22	0.796672828096118	0.0382888830208608	0.134143121204119	0.0308951676789015
