Pos	A	C	G	T
1	0.245257452574526	0.375338753387534	0.208672086720867	0.170731707317073
2	0.199410609037328	0.303536345776031	0.341846758349705	0.155206286836935
3	0.247342995169082	0.214492753623188	0.42512077294686	0.11304347826087
4	0.137074517019319	0.607175712971481	0.141674333026679	0.114075436982521
5	0.154774972557629	0.266739846322722	0.502744237102086	0.0757409440175631
6	0.733471074380165	0.150826446280992	0.0516528925619835	0.0640495867768595
7	0.0382452193475816	0.800899887514061	0.047244094488189	0.113610798650169
8	0.202238209432454	0.20863309352518	0.543565147881695	0.0455635491606715
9	0.0378250591016548	0.846335697399527	0.0212765957446809	0.0945626477541371
10	0.0890481064483112	0.0849539406345957	0.742067553735926	0.0839303991811668
11	0.712411705348133	0.141271442986882	0.0211907164480323	0.125126135216953
12	0.601529311809686	0.271028037383178	0.0628717077315208	0.064570943075616
13	0.0696576151121606	0.853600944510035	0.0342384887839433	0.0425029515938607
14	0.567922874671341	0.222611744084137	0.118317265556529	0.091148115687993
15	0.155675675675676	0.605405405405405	0.118918918918919	0.12
