Pos	A	C	G	T
1	0.263089005235602	0.212369109947644	0.157068062827225	0.367473821989529
2	0.0696412420862225	0.482363581549593	0.00904431715405487	0.43895085921013
3	0.0742942050520059	0.111193660227836	0.756810302129767	0.0577018325903913
4	0.0369826827120634	0.896976812444966	0.000880540064572938	0.0651599647783974
5	0.0532646048109966	0.465791940018744	0.00359262730396751	0.477350827866292
6	0.113740458015267	0.0720101781170484	0.0366412213740458	0.777608142493639
7	0.120757918552036	0.490950226244344	0.0149886877828054	0.373303167420814
8	0.0914560770156438	0.124909747292419	0.735499398315283	0.0481347773766546
9	0.0159656125268652	0.938286766963463	0.0113601473748849	0.0343874731347866
10	0.06419624217119	0.37160751565762	0.0325330549756437	0.531663187195546
11	0.0989791389258766	0.169107856191744	0.0537061695517088	0.67820683533067
12	0.240510471204188	0.418193717277487	0.0762434554973822	0.265052356020942
