Pos	A	C	G	T
1	0.542439024390244	0.0695934959349594	0.28650406504065	0.101463414634146
2	0.0860878145041934	0.645041933892452	0.186975826344351	0.0818944252590035
3	0.613556338028169	0.297755281690141	0.0609595070422535	0.0277288732394366
4	0.0138147566718995	0.0160125588697017	0.960753532182104	0.00941915227629513
5	0.037403400309119	0.00185471406491499	0.946522411128284	0.0142194744976816
6	0.778205128205128	0.16025641025641	0.0530769230769231	0.00846153846153846
7	0.853863381858903	0.11562150055991	0.00475923852183651	0.0257558790593505
8	0.0164296998420221	0.00853080568720379	0.969668246445498	0.00537124802527646
9	0.008140422284406	0.0648689900788603	0.768761129483592	0.158229458153142
10	0.936189608021878	0.02461257976299	0.0279550288666059	0.0112427833485263
11	0.643728648121035	0.0473401659346022	0.0597852611029771	0.249145924841386
12	0.215202617669268	0.0654417316889001	0.686886483765417	0.0324691668764158
13	0.0647217455258642	0.201765138514342	0.0723216474626134	0.661191468497181
14	0.311544715447154	0.152520325203252	0.358373983739837	0.177560975609756
