Pos	A	C	G	T
1	0.42575684766939	0.0665545410860163	0.276709915104917	0.230978696139676
2	0.231335651462467	0.00756800981795868	0.00661348605713506	0.75448285266244
3	0.10747966309121	0.00323950759484558	0.00439133251745735	0.884889496796487
4	0.0585793357933579	0.00707257072570726	0.00422816728167282	0.930119926199262
5	0.0506539653738565	0.0121720722764043	0.0489150979057987	0.88825886444394
6	0.00345206339243684	0.0163188451278833	0.977169308018202	0.00305978346147811
7	0.0004	0.00144	0.99808	8.0e-05
8	0.00973974133801692	0.988823247644899	0.000399169726967907	0.00103784129011656
9	0.000878664430066299	0.000399392922757409	0.990574327022925	0.00814761562425114
10	0.000480422772039395	0.998798943069901	0.000160140924013132	0.00056049323404596
11	0.00375322542810228	0.974352959574634	0.0147783251231527	0.00711548987411056
12	0.89209393641924	0.0479498603035566	0.00845729819527298	0.0514989050819301
13	0.925399373232439	0.00504471451501949	0.00787281204616678	0.0616831002063747
14	0.880376924183571	0.00316501222845634	0.00625809236081139	0.110199971227162
15	0.75318711446196	0.00877313228238519	0.00596298834818369	0.232076764907471
16	0.230177799135031	0.279112606118853	0.0675957071920551	0.423113887554061
