Pos	A	C	G	T
1	0.990235964198535	0.0016273393002441	0.0	0.0081366965012205
2	0.0367285119273003	0.790988262021961	0.0976902688375615	0.0745929572131768
3	0.274034822104466	0.572672218016654	0.15329295987888	0.0
4	0.993453355155483	0.00654664484451719	0.0	0.0
5	0.000408496732026144	0.00245098039215686	0.995915032679739	0.00122549019607843
6	0.0	0.00040950040950041	0.997542997542998	0.00204750204750205
7	0.997951659156084	0.0	0.00204834084391643	0.0
8	0.995916700694161	0.0	0.0	0.00408329930583912
9	0.169260700389105	0.0	0.830350194552529	0.000389105058365759
10	0.000410340582683627	0.00492408699220353	0.00410340582683627	0.990562166598277
11	0.841673502871206	0.00246103363412633	0.14109926168991	0.014766201804758
12	0.281083299138285	0.25112843660238	0.419368075502667	0.048420188756668
13	0.434372436423298	0.203855619360131	0.220262510254307	0.141509433962264
14	0.30188679245283	0.0869565217391304	0.290812141099262	0.320344544708778
15	0.180065627563577	0.113207547169811	0.279327317473339	0.427399507793273
16	0.214608124743537	0.468608945424702	0.0722199425523184	0.244562987279442
17	0.33921246923708	0.315422477440525	0.21780147662018	0.127563576702215
18	0.387361510053344	0.265490356996307	0.103816167418958	0.243331965531391
19	0.538852010933229	0.0441233893010543	0.223740726278797	0.193283873486919
20	0.747957516339869	0.00857843137254902	0.000816993464052288	0.242647058823529
21	0.529918032786885	0.00040983606557377	0.000819672131147541	0.468852459016393
22	0.69811320754717	0.00328137817883511	0.0	0.298605414273995
23	0.695897023330652	0.0293644408688656	0.0172968624296058	0.257441673370877
