Pos	A	C	G	T
1	0.940215139783717	0.00198568591877259	0.00128569591862973	0.0565134783788803
2	0.128748736699863	0.640212120868015	0.115735325846269	0.115303816585853
3	0.270005040809103	0.539034095174766	0.190885788135866	7.50758802646961e-05
4	0.978177225599906	0.0205451287925515	0.00127764560754251	0.0
5	0.000223274091274449	2.97698788365931e-05	0.999523681938615	0.000223274091274449
6	5.9561922063225e-05	0.0	0.999910657116905	2.97809610316125e-05
7	0.99944924084549	0.000401905328966954	0.000148853825543316	0.0
8	0.998987613149119	0.000133992377322535	0.000878394473558838	0.0
9	0.230602051321158	7.62572921035574e-05	0.769029371767009	0.000292319619730303
10	0.00495867768595041	0.0464150100513737	0.0105576651031196	0.938068647159556
11	0.617160045267735	0.0259247126094467	0.285871701709453	0.0710435404133659
12	0.471312634948999	0.176517012880649	0.22891817437272	0.123252177797632
13	0.364732860801715	0.213309309667044	0.166031330037525	0.255926499493716
14	0.286367359094632	0.22534435261708	0.211168192986375	0.277120095301914
15	0.269998213115731	0.229376377389958	0.251474179522306	0.249151229972005
16	0.284501757102865	0.249166120674251	0.247081422359878	0.219250699863006
17	0.339647085101631	0.2276226639863	0.216350234532053	0.216380016380016
18	0.442960315687588	0.154969845878937	0.166942148760331	0.235127689673144
19	0.513998734577665	0.0773489402087947	0.102248760940631	0.306403564272909
20	0.571056910569106	0.0292824319547543	0.040650406504065	0.359010250972075
21	0.657670952659264	0.014114552893045	0.0120689655172414	0.31614552893045
22	0.628079244520172	0.026539983250065	0.0185115661189245	0.326869206110838
23	0.433506114845711	0.0873491536405605	0.0625388083475068	0.416605923166221
