Pos	A	C	G	T
1	0.374551522736754	0.0866082603254068	0.318564872757614	0.220275344180225
2	0.753157795513102	0.0212404951926098	0.216112612329542	0.0094890969647458
3	0.0142274798177604	0.957956997841899	0.0194229078410998	0.00839261449924067
4	0.98755767963085	0.0117007251153593	0.000659195781147001	8.23994726433751e-05
5	0.000166791760487032	0.0	0.999499624718539	0.000333583520974064
6	0.000250104210087536	0.000583576490204252	0.999166319299708	0.0
7	0.998916486081013	0.000333388898149692	0.000416736122687114	0.000333388898149692
8	0.576184913217624	0.0242823765020027	8.34445927903872e-05	0.399449265687583
9	0.242553191489362	0.0	0.756779307467668	0.00066750104297038
10	0.00100133511348465	0.389269025367156	0.0427236315086782	0.567006008010681
11	0.550354609929078	0.0449728827701293	0.403754693366708	0.000917813934084272
12	0.000250292007341899	0.748122809944936	0.000250292007341899	0.25137660604038
13	0.402753441802253	0.000250312891113892	0.0217772215269086	0.575219023779725
14	0.000250041673612269	0.00058343057176196	0.000250041673612269	0.998916486081013
15	0.000750312630262609	0.999166319299708	0.0	8.33680700291788e-05
16	0.0	0.99974974974975	0.0	0.00025025025025025
17	0.000247157686604053	0.000164771791069369	0.0121931125391333	0.987394957983193
18	0.0105992986930188	0.0180108383806184	0.955132291998725	0.0162575709276379
19	0.0104735026654124	0.217246785826278	0.0206334274067106	0.751646284101599
20	0.215417987652261	0.318872017353579	0.0944435174370098	0.37126647755715
