Pos	A	C	G	T
1	0.87686160552125	0.0152560842717036	0.00290592081365783	0.104976389393389
2	0.11048411048411	0.702999702999703	0.130680130680131	0.0558360558360558
3	0.170638181320186	0.577923856477677	0.251437962202136	0.0
4	0.197701926326462	0.799594457587023	0.00270361608651571	0.0
5	0.0	0.0	0.996881091617934	0.00311890838206628
6	0.00311647837943124	0.0	0.996883521620569	0.0
7	0.998436278342455	0.00156372165754496	0.0	0.0
8	1.0	0.0	0.0	0.0
9	0.226110363391655	0.0	0.773889636608345	0.0
10	0.01015625	0.072265625	0.019921875	0.89765625
11	0.543537680593518	0.0433424443576728	0.311597032409215	0.101522842639594
12	0.365234375	0.2453125	0.234375	0.155078125
13	0.278406872315502	0.281140179617337	0.203826630222569	0.236626317844592
14	0.204998047637642	0.248730964467005	0.284654431862554	0.2616165560328
15	0.244140625	0.3125	0.24921875	0.194140625
16	0.268359375	0.27734375	0.2484375	0.205859375
17	0.279968762202265	0.305349472862163	0.257321358844201	0.157360406091371
18	0.366796875	0.220703125	0.179296875	0.233203125
19	0.40333440205194	0.141712087207438	0.125360692529657	0.329592818210965
20	0.513094417643005	0.0926946933149552	0.0582356995175741	0.335975189524466
21	0.564349112426035	0.0536242603550296	0.00998520710059172	0.372041420118343
22	0.514621968616263	0.0805991440798859	0.0413694721825963	0.363409415121255
23	0.368474233748737	0.132367800606265	0.0858875042101718	0.413270461434827
