Pos	A	C	G	T
1	0.291115311909263	0.190926275992439	0.228733459357278	0.289224952741021
2	0.260377358490566	0.345283018867925	0.177358490566038	0.216981132075472
3	0.0545454545454545	0.0429752066115702	0.87603305785124	0.0264462809917355
4	0.0488958990536278	0.83596214511041	0.0252365930599369	0.0899053627760252
5	0.169312169312169	0.0304232804232804	0.701058201058201	0.0992063492063492
6	0.0809248554913295	0.0895953757225433	0.0635838150289017	0.765895953757225
7	0.0970149253731343	0.561194029850746	0.229850746268657	0.111940298507463
8	0.243396226415094	0.228301886792453	0.364150943396226	0.164150943396226
9	0.205660377358491	0.267924528301887	0.186792452830189	0.339622641509434
10	0.262264150943396	0.218867924528302	0.222641509433962	0.29622641509434
11	0.333962264150943	0.192452830188679	0.269811320754717	0.20377358490566
12	0.147169811320755	0.324528301886792	0.241509433962264	0.286792452830189
13	0.115384615384615	0.21301775147929	0.571005917159763	0.100591715976331
14	0.74438202247191	0.0702247191011236	0.115168539325843	0.0702247191011236
15	0.0867208672086721	0.718157181571816	0.029810298102981	0.165311653116531
16	0.06875	0.0328125	0.828125	0.0703125
17	0.043046357615894	0.877483443708609	0.0314569536423841	0.0480132450331126
18	0.241509433962264	0.2	0.328301886792453	0.230188679245283
19	0.256120527306968	0.233521657250471	0.210922787193974	0.299435028248588
