Pos	A	C	G	T
1	0.515129151291513	0.0457564575645756	0.0125461254612546	0.426568265682657
2	0.00460122699386503	0.0122699386503067	0.978527607361963	0.00460122699386503
3	0.975535168195719	0.00535168195718654	0.00458715596330275	0.014525993883792
4	0.00232558139534884	0.00542635658914729	0.00310077519379845	0.989147286821705
5	0.846153846153846	0.00729442970822281	0.00663129973474801	0.139920424403183
6	0.795015576323988	0.0193146417445483	0.134579439252336	0.0510903426791277
7	0.131739130434783	0.554782608695652	0.208260869565217	0.105217391304348
8	0.219458264234384	0.0480928689883914	0.705362078496407	0.0270867882808181
9	0.93411420204978	0.0263543191800878	0.013909224011713	0.0256222547584187
10	0.0378842030021444	0.0192994996426019	0.0307362401715511	0.912080057183703
11	0.041029207232267	0.887343532684284	0.0285118219749652	0.043115438108484
12	0.202495745887691	0.0306296086216676	0.0431083380601248	0.723766307430516
