Pos	A	C	G	T
1	0.174406163064413	0.393965332762679	0.120693344746416	0.310935159426493
2	0.334099937277859	0.0238344135479824	0.0169349780472507	0.625130671126908
3	0.604779411764706	0.0257352941176471	0.304125816993464	0.065359477124183
4	0.504494863013699	0.0466609589041096	0.116866438356164	0.331977739726027
5	0.249688925756947	0.0292409788469515	0.686644545831605	0.0344255495644961
6	0.0100544616673649	0.633221617092585	0.0113112693757855	0.345412651864265
7	0.815352260778128	0.163196635120925	0.00399579390115668	0.0174553101997897
8	0.970667776159767	0.00478468899521531	0.00707301851466611	0.0174745163303516
9	0.938940558026688	0.0068742418115649	0.00343712090578245	0.0507480792559644
10	0.0	0.0164279696714406	0.0	0.983572030328559
11	0.895125267042144	0.000582637405321422	0.104292095552534	0.0
12	0.0036101083032491	0.00318538967933744	0.000849437247823317	0.99235506476959
13	0.00319081046585833	0.00170176558179111	0.00297808976813444	0.992129334184216
14	0.00659714832943179	0.0	0.340285167056821	0.653117684613748
15	0.791169451073986	0.00616547334924423	0.199681782020684	0.00298329355608592
16	0.0119321750052334	0.968599539459912	0.00334938245760938	0.0161189030772451
17	0.495293871574984	0.0455971554068187	0.00522903158335076	0.453879941434846
18	0.0303471211806277	0.317397630430264	0.0182914155061318	0.633963832882977
19	0.70385266723116	0.00867908552074513	0.0139712108382727	0.273497036409822
20	0.423068692488765	0.113845495399101	0.344960410870961	0.118125401241173
