Pos	A	C	G	T
1	0.208159114024184	0.280540174030964	0.142106452706521	0.369194259238332
2	0.388657925594286	0.0706214689265537	0.0212130902888818	0.519507515190278
3	0.510651522856981	0.0907498446064305	0.280160479177262	0.118438153359326
4	0.320458139646332	0.0841040877941247	0.139071260842479	0.456366511717065
5	0.167847339059594	0.0442309395200567	0.733905959443903	0.0540157619764456
6	0.00343844019849178	0.408119407650529	0.000976829601844254	0.587465322549135
7	0.716701426075193	0.280874809762697	0.000620032692632884	0.00180373146947748
8	0.986391129032258	0.00823252688172043	0.00162410394265233	0.00375224014336918
9	0.993423641166882	0.000955539317632511	0.00106795570794222	0.00455286380754314
10	0.0	0.0176562325944079	0.0	0.982343767405592
11	0.991462113127001	0.000224681233499972	0.00831320563949896	0.0
12	0.00681107637338097	0.00178651183564091	0.00524787851719518	0.986154533273783
13	0.00803033682801695	0.002788311398617	0.00630158376087441	0.982879768012492
14	0.0735150304009524	0.000850376291508993	0.590883966155024	0.334750627152515
15	0.736761111614013	0.00488820494251833	0.244681814067168	0.0136688693763013
16	0.0257798034468024	0.779328680624792	0.0230736362341547	0.171817879694251
17	0.576946943841142	0.075343882511118	0.0395077050367153	0.308201468611025
18	0.0393316334834265	0.294309119513915	0.0260402538924755	0.640318993110183
19	0.582277103845945	0.0133275308709133	0.0488494804982865	0.355545884784856
20	0.423211662334727	0.113798169284665	0.28432591253249	0.178664255848118
