Pos	A	C	G	T
1	0.207329607503051	0.338440290357808	0.174728592535492	0.279501509603649
2	0.349772658381328	0.109275538041831	0.0332828129736284	0.507668990603213
3	0.52287117398153	0.0498193161812398	0.369089168236711	0.0582203416005189
4	0.306526207605344	0.187756937307297	0.158112795477903	0.347604059609455
5	0.218495316871427	0.032082471718769	0.676712078822528	0.0727101325872765
6	0.00479739021972047	0.445517638404708	0.00179102568202898	0.547893945693543
7	0.608215048360759	0.343172968220073	0.00238663484486874	0.0462253485742997
8	0.984817071225798	0.0129820420401263	0.00102070109406399	0.00118018564001148
9	0.991670389991702	0.00456373268653858	0.0016595391587413	0.00210633816301781
10	0.0	0.0200139780163924	0.000476523286104581	0.979509498697503
11	0.980178237290286	0.0	0.0198217627097142	0.0
12	0.00172634271099744	0.00175831202046036	0.00207800511508951	0.994437340153453
13	0.000446257809511666	0.00102001785031238	0.0169896723192656	0.98154405202091
14	0.017600050738885	0.000253694425065009	0.577662205873026	0.404484048963024
15	0.858950745647912	0.0008912126433367	0.136414948606738	0.00374309310201414
16	0.0340551601966953	0.902263217372713	0.0150270303289454	0.0486545921016463
17	0.536890243902439	0.0841768292682927	0.0638719512195122	0.315060975609756
18	0.150671291835293	0.341620093788142	0.126035845056851	0.381672769319715
19	0.486022025898584	0.0368510226310057	0.117421033522934	0.359705917947477
20	0.267231965054281	0.205627288494893	0.320453523479155	0.206687222971671
