Pos	A	C	G	T
1	0.557251908396947	0.0381679389312977	0.00305343511450382	0.401526717557252
2	0.0181543116490166	0.0287443267776097	0.950075642965204	0.00302571860816944
3	0.950075642965204	0.00907715582450832	0.00907715582450832	0.0317700453857791
4	0.00470219435736677	0.00470219435736677	0.00626959247648903	0.984326018808777
5	0.810322580645161	0.00774193548387097	0.00387096774193548	0.178064516129032
6	0.756626506024096	0.0469879518072289	0.131325301204819	0.0650602409638554
7	0.141014617368874	0.539982803095443	0.189165950128977	0.129836629406707
8	0.28042328042328	0.0380952380952381	0.664550264550265	0.0169312169312169
9	0.927621861152142	0.0236336779911374	0.0103397341211226	0.0384047267355982
10	0.0442857142857143	0.0357142857142857	0.0228571428571429	0.897142857142857
11	0.0654843110504775	0.856753069577081	0.0409276944065484	0.0368349249658936
12	0.252448313384113	0.0239390642002176	0.0402611534276387	0.68335146898803
