Pos	A	C	G	T
1	0.571084627422656	0.0465872156013001	0.155531479475141	0.226796677500903
2	0.61553095814597	0.0036319612590799	0.113109650639917	0.267727429955033
3	0.0	0.842419221209611	0.144490472245236	0.0130903065451533
4	0.0759573132454488	0.601757689893283	0.0311362209667294	0.291148775894539
5	0.289338140612928	0.0289724439866083	0.612284316250322	0.0694050991501416
6	0.00153426525741562	0.123764064098193	0.873678827139448	0.00102284350494374
7	0.256873136800265	0.158496190791653	0.0031467373302418	0.58148393507784
8	0.169198654760524	0.216629943175229	0.0756117360547373	0.538559666009509
9	0.187282566679552	0.268264398917665	0.147274835717047	0.397178198685736
10	0.385388480865868	0.155199072284499	0.260726710475454	0.198685736374179
11	0.515138121546961	0.090939226519337	0.223093922651934	0.170828729281768
12	0.564280980781975	0.00447316103379722	0.156726308813784	0.274519549370444
13	0.0	0.8780571233111	0.121600820933812	0.000342055755088079
14	0.0706319702602231	0.609024484040508	0.0282015126265863	0.292142033072683
15	0.281016249677586	0.0309517668300232	0.616198091307712	0.0718338921846789
16	0.00949957591178965	0.125699745547074	0.86412213740458	0.000678541136556404
17	0.266470180305132	0.113557558945908	0.00624133148404993	0.61373092926491
18	0.235238208387787	0.156231436378757	0.051681121539741	0.556849233693715
