Pos	A	C	G	T
1	0.245467224546722	0.115760111576011	0.560669456066946	0.0781032078103208
2	0.112540192926045	0.321543408360129	0.118971061093248	0.446945337620579
3	0.21664464993395	0.0290620871862616	0.023778071334214	0.730515191545575
4	0.602521008403361	0.00672268907563025	0.377310924369748	0.0134453781512605
5	0.128312412831241	0.398884239888424	0.214783821478382	0.258019525801953
6	0.125874125874126	0.118881118881119	0.716283716283716	0.038961038961039
7	0.0166666666666667	0.129761904761905	0.0	0.853571428571429
8	0.591584158415842	0.319306930693069	0.0148514851485149	0.0742574257425743
9	0.730142566191446	0.209775967413442	0.0152749490835031	0.044806517311609
10	0.792265193370166	0.00994475138121547	0.134806629834254	0.0629834254143646
11	0.00956937799043062	0.857655502392344	0.0179425837320574	0.114832535885167
12	0.600502512562814	0.042713567839196	0.231155778894472	0.125628140703518
13	0.294281729428173	0.0878661087866109	0.181311018131102	0.436541143654114
