Pos	A	C	G	T
1	0.212295578437311	0.257924490207955	0.302745810619826	0.227034120734908
2	0.354969765684051	0.0619803476946334	0.580876795162509	0.00217309145880574
3	0.0175657515837973	0.0283163755039355	0.00335956997504319	0.950758302937224
4	0.0127011828582509	0.960345161915843	0.0	0.0269536552259065
5	0.124105011933174	8.83938831432865e-05	0.875541412534253	0.000265181649429859
6	0.000497017892644135	0.013817097415507	0.0010934393638171	0.984592445328032
7	0.681271064034665	0.0126556159295687	0.0139624458353394	0.292110874200426
8	0.946307442438139	0.000191076717301997	0.00343938091143594	0.0500620999331231
9	0.929872324446113	0.0429027412692452	0.00319188884716485	0.0240330454374765
10	0.487546761173459	0.168980114195708	0.110454813939752	0.233018310691081
11	0.22092084006462	0.318861066235864	0.190024232633279	0.270193861066236
12	0.161837455830389	0.0586572438162544	0.269560827864715	0.509944472488642
13	0.171611929029823	0.0329180822952057	0.0476406191015478	0.747829369573424
14	0.418062414091534	0.0218398411647915	0.0558468665682431	0.504250878175431
15	0.758364596891509	0.0109486256795039	0.0410382053441544	0.189648572084833
16	0.206057546693589	0.304997476022211	0.0386673397274104	0.45027763755679
