Pos	A	C	G	T
1	0.0568858636197885	0.0764555731129209	0.0318463595478303	0.83481220371946
2	0.0096140640021975	0.0399670374948496	0.943277022387035	0.00714187611591814
3	0.797769775816006	0.00464630038331978	0.0608665350214891	0.136717388779185
4	0.0045204124876395	0.970193530159627	0.00409662381692329	0.0211894335358101
5	0.945094261731113	0.00110086693270951	0.0484381450392184	0.00536672629695885
6	0.0128130460104834	0.276062900407688	0.558386721025044	0.152737332556785
7	0.149825276645312	0.555329062317997	0.282178217821782	0.0126674432149097
8	0.00568575786992095	0.0410483982804049	0.000832062127305505	0.952433781722369
9	0.0170478761187669	0.00312544395510726	0.975706776530757	0.00411990339536866
10	0.135612798891071	0.0637634284394132	0.00727734781101998	0.793346424858496
11	0.00425006854949273	0.941595832190842	0.0457910611461475	0.00836303811351796
12	0.833596310231824	0.0301007403811142	0.0722175021240442	0.0640854472630174
