Pos	A	C	G	T
1	0.113891285591027	0.091458153580673	0.0457290767903365	0.748921484037964
2	0.0293670886075949	0.0693670886075949	0.878987341772152	0.0222784810126582
3	0.836223506743738	0.0346820809248555	0.0361271676300578	0.0929672447013487
4	0.0246781115879828	0.931330472103004	0.0187768240343348	0.0252145922746781
5	0.834214320038443	0.0187409899086977	0.1268620855358	0.0201826045170591
6	0.0178571428571429	0.209677419354839	0.589285714285714	0.183179723502304
7	0.162442396313364	0.627304147465438	0.18778801843318	0.0224654377880184
8	0.0239520958083832	0.100299401197605	0.0094810379241517	0.86626746506986
9	0.0213219616204691	0.0271855010660981	0.925373134328358	0.0261194029850746
10	0.0777076250607091	0.0505099562894609	0.0286546867411365	0.843127731908694
11	0.0237613751263903	0.877654196157735	0.0717896865520728	0.0267947421638018
12	0.702549575070821	0.0602994738972076	0.107244030756779	0.129906920275192
