Pos	A	C	G	T
1	0.0749045801526718	0.176049618320611	0.0313295165394402	0.717716284987277
2	0.0170856245090338	0.0834642576590731	0.886292223095051	0.0131578947368421
3	0.852313503305005	0.0101983002832861	0.0428706326723324	0.0946175637393768
4	0.00694152292806058	0.949305847707194	0.0122002524190156	0.0315523769457299
5	0.878870496592016	0.00370009737098345	0.108666017526777	0.00876338851022395
6	0.0121870152891646	0.236428096609794	0.501883447817416	0.249501440283625
7	0.249335106382979	0.478501773049645	0.25886524822695	0.0132978723404255
8	0.0162193473643561	0.110639119521143	0.00173778721760958	0.871403745896891
9	0.0307692307692308	0.0113804004214963	0.951106427818757	0.00674394099051633
10	0.100957027584913	0.0358416213173203	0.0163257646838056	0.846875586413961
11	0.01636503658067	0.868887177512514	0.088371197535618	0.0263765883711975
12	0.706812842599843	0.031636648394675	0.178386844166014	0.0831636648394675
