Pos	A	C	G	T
1	0.569037656903766	0.096234309623431	0.129707112970711	0.205020920502092
2	0.0591397849462366	0.64247311827957	0.112903225806452	0.185483870967742
3	0.334117647058824	0.0447058823529412	0.562352941176471	0.0588235294117647
4	0.0408163265306122	0.541950113378685	0.00680272108843537	0.410430839002268
5	0.043859649122807	0.14327485380117	0.698830409356725	0.114035087719298
6	0.29320987654321	0.200617283950617	0.0617283950617284	0.444444444444444
7	0.393305439330544	0.179916317991632	0.121338912133891	0.305439330543933
8	0.26890756302521	0.273109243697479	0.235294117647059	0.222689075630252
9	0.382352941176471	0.189075630252101	0.0840336134453782	0.34453781512605
10	0.649350649350649	0.103896103896104	0.12012987012987	0.126623376623377
11	0.0166204986149584	0.662049861495845	0.0304709141274238	0.290858725761773
12	0.366292134831461	0.00898876404494382	0.537078651685393	0.0876404494382022
13	0.122767857142857	0.533482142857143	0.0200892857142857	0.323660714285714
14	0.182072829131653	0.0672268907563025	0.669467787114846	0.0812324929971989
15	0.125	0.1875	0.0416666666666667	0.645833333333333
