Pos	A	C	G	T
1	0.0354661791590494	0.0848263254113346	0.0164533820840951	0.863254113345521
2	0.0235059760956175	0.0219123505976096	0.940637450199203	0.0139442231075697
3	0.89027149321267	0.0143288084464555	0.0256410256410256	0.0697586726998492
4	0.0168404170008019	0.946672012830794	0.0116279069767442	0.02485966319166
5	0.939140811455847	0.00835322195704057	0.0517104216388226	0.000795544948289578
6	0.0194832698009318	0.16010165184244	0.590851334180432	0.229563744176197
7	0.239204064352244	0.579593564775614	0.161727349703641	0.0194750211685013
8	0.00596896140071628	0.0469558296856347	0.00756068444090728	0.939514524472742
9	0.020714865962632	0.00324939073923639	0.95897644191714	0.0170593013809911
10	0.0709652804273178	0.0144982830980542	0.0137352155665776	0.90080122090805
11	0.0157639450282943	0.954324979789814	0.0177849636216653	0.0121261115602264
12	0.844118698605649	0.0164461923489453	0.0965319985698963	0.0429031104755095
