Pos	A	C	G	T
1	0.0723958333333333	0.0536458333333333	0.0223958333333333	0.8515625
2	0.0224288840262582	0.0350109409190372	0.894420131291028	0.0481400437636762
3	0.834609494640122	0.0204185809086268	0.0464522715671261	0.0985196528841246
4	0.0169300225733634	0.922686230248307	0.0208803611738149	0.0395033860045147
5	0.92687074829932	0.0187074829931973	0.0521541950113379	0.00226757369614512
6	0.0311926605504587	0.157798165137615	0.674617737003058	0.136391437308868
7	0.147921760391198	0.647921760391198	0.159535452322738	0.0446210268948655
8	0.00777345918933926	0.0599666851749028	0.0244308717379234	0.907828983897835
9	0.0145264381173736	0.0220801859384079	0.950029052876235	0.0133643230679837
10	0.117315573770492	0.0276639344262295	0.0174180327868852	0.837602459016393
11	0.0305177111716621	0.891008174386921	0.0435967302452316	0.0348773841961853
12	0.83803177857509	0.0328036904151717	0.0517683239364429	0.0773962070732957
