Pos	A	C	G	T
1	0.28578259483583	0.0149824673254702	0.176601848900223	0.522633088938476
2	0.922782762170907	0.0101485512575379	0.0447124577143698	0.0223562288571849
3	0.00199692780337942	0.963748079877112	0.00568356374807988	0.0285714285714286
4	0.30924387876173	0.00722683637148096	0.676733901413008	0.00679538345378061
5	0.149979841419164	0.272544012901492	0.00685391748420911	0.570622228195135
6	0.287096774193548	0.102451612903226	0.522451612903226	0.088
7	0.36707044947402	0.209913930506854	0.109818297736691	0.313197322282435
8	0.283232387631495	0.171660822441823	0.192381255977048	0.352725533949633
9	0.359101051960472	0.0806503028371055	0.131654446923813	0.42859419827861
10	0.388587822760599	0.11125278928913	0.0836786738922538	0.416480714058017
11	0.373445967484858	0.193656359579216	0.135320369780045	0.297577303155881
12	0.377590054191903	0.0798533630857507	0.205610455849538	0.336946126872808
13	0.0500999143591208	0.622751926919783	0.0543819583214388	0.272766200399657
14	0.120578166603271	0.00789273488018258	0.596614682388741	0.274914416127805
15	0.0107235142118863	0.810594315245478	0.00465116279069767	0.174031007751938
16	0.0218159471500999	0.00583807036411123	0.963896143800891	0.00844983868489783
17	0.0222419928825623	0.0354389086595492	0.0120106761565836	0.930308422301305
18	0.486848397895744	0.159413358839471	0.013868962219034	0.339869281045752
