Pos	A	C	G	T
1	0.217532467532468	0.483766233766234	0.162337662337662	0.136363636363636
2	0.94478527607362	0.0122699386503067	0.0398773006134969	0.00306748466257669
3	0.033033033033033	0.042042042042042	0.0	0.924924924924925
4	0.0754716981132075	0.0566037735849057	0.0377358490566038	0.830188679245283
5	0.987179487179487	0.00641025641025641	0.00641025641025641	0.0
6	0.0583756345177665	0.0786802030456853	0.0812182741116751	0.781725888324873
7	0.117263843648208	0.146579804560261	0.671009771986971	0.0651465798045603
8	0.166123778501629	0.495114006514658	0.156351791530945	0.182410423452769
9	0.262987012987013	0.188311688311688	0.279220779220779	0.269480519480519
10	0.233766233766234	0.256493506493506	0.25974025974026	0.25
11	0.279220779220779	0.266233766233766	0.233766233766234	0.220779220779221
12	0.175324675324675	0.224025974025974	0.480519480519481	0.12012987012987
13	0.0909090909090909	0.636363636363636	0.194805194805195	0.0779220779220779
14	0.848484848484849	0.0881542699724518	0.0606060606060606	0.00275482093663912
15	0.0	0.0	0.0222222222222222	0.977777777777778
16	0.857938718662953	0.0473537604456825	0.0278551532033426	0.0668523676880223
17	1.0	0.0	0.0	0.0
18	0.0	0.0159744408945687	0.0	0.984025559105431
19	0.159609120521173	0.127035830618893	0.498371335504886	0.214983713355049
