Pos	A	C	G	T
1	0.303247863247863	0.0581196581196581	0.214017094017094	0.424615384615385
2	0.0916950484673828	0.0877652606759235	0.0544930573749018	0.766046633481792
3	0.973044925124792	0.00565723793677205	0.0143094841930116	0.00698835274542429
4	0.0203821656050955	0.0423566878980892	0.00605095541401274	0.931210191082803
5	0.0216110019646365	0.00851342501637197	0.95743287491814	0.0124426981008513
6	0.181867535287731	0.301845819761129	0.0244299674267101	0.49185667752443
7	0.0835894283958205	0.00522433927473878	0.01259987707437	0.898586355255071
8	0.892279523954837	0.00945987183399451	0.0924626182483979	0.00579798596277083
9	0.995234853641933	0.00136147038801906	0.00136147038801906	0.00204220558202859
10	0.0	0.00792924672156145	0.100335468130528	0.891735285147911
11	0.0486641221374046	0.0209923664122137	0.690521628498728	0.239821882951654
12	0.898034398034398	0.0101351351351351	0.0694103194103194	0.0224201474201474
13	0.0596553247901016	0.12439239946973	0.646045072912064	0.169907202828104
14	0.143247863247863	0.28034188034188	0.379145299145299	0.197264957264957
