Pos	A	C	G	T
1	0.161538461538462	0.0871794871794872	0.0333333333333333	0.717948717948718
2	0.669856459330144	0.272727272727273	0.0	0.0574162679425837
3	0.804597701149425	0.0718390804597701	0.10632183908046	0.0172413793103448
4	0.201342281879195	0.131991051454139	0.0402684563758389	0.626398210290828
5	0.0486486486486487	0.0414414414414414	0.405405405405405	0.504504504504504
6	0.632142857142857	0.0928571428571429	0.0892857142857143	0.185714285714286
7	0.314285714285714	0.2	0.271428571428571	0.214285714285714
8	0.217857142857143	0.303571428571429	0.278571428571429	0.2
9	0.217857142857143	0.239285714285714	0.278571428571429	0.264285714285714
10	0.153571428571429	0.264285714285714	0.328571428571429	0.253571428571429
11	0.258064516129032	0.232974910394265	0.290322580645161	0.218637992831541
12	0.25	0.0678571428571429	0.0928571428571429	0.589285714285714
13	0.525328330206379	0.365853658536585	0.0131332082551595	0.0956848030018762
14	0.7	0.08	0.09	0.13
15	0.0395480225988701	0.0706214689265537	0.0988700564971751	0.790960451977401
16	0.016260162601626	0.046070460704607	0.178861788617886	0.758807588075881
17	0.835820895522388	0.026865671641791	0.0328358208955224	0.104477611940299
