Pos	A	C	G	T
1	0.206766917293233	0.246240601503759	0.131578947368421	0.415413533834586
2	0.119614147909968	0.0836012861736334	0.112540192926045	0.684244372990354
3	0.106876553438277	0.551781275890638	0.0115990057995029	0.329743164871582
4	0.791666666666667	0.192708333333333	0.0126488095238095	0.00297619047619048
5	0.0	0.910958904109589	0.0	0.089041095890411
6	0.0324909747292419	0.00631768953068592	0.96028880866426	0.000902527075812274
7	0.0	0.84310618066561	0.149762282091918	0.00713153724247227
8	0.446743295019157	0.0973180076628352	0.0873563218390805	0.368582375478927
9	0.0356200527704486	0.25197889182058	0.0105540897097625	0.701846965699208
10	0.0309734513274336	0.420353982300885	0.521238938053097	0.0274336283185841
11	0.725289706884799	0.00477164280845262	0.265848670756646	0.00408997955010225
12	0.330827067669173	0.304511278195489	0.230263157894737	0.134398496240602
13	0.0834738617200675	0.388701517706577	0.0193929173693086	0.508431703204047
14	0.150817686250757	0.0230163537250151	0.644457904300424	0.181708055723804
15	0.245300751879699	0.611842105263158	0.102443609022556	0.0404135338345865
16	0.383458646616541	0.156954887218045	0.355263157894737	0.104323308270677
17	0.0561702127659574	0.582127659574468	0.0382978723404255	0.323404255319149
18	0.37406015037594	0.262218045112782	0.163533834586466	0.200187969924812
