Pos	A	C	G	T
1	0.234756850160454	0.15847938780548	0.259442113058504	0.347321648975562
2	0.126330876330876	0.488533988533989	0.0442260442260442	0.340909090909091
3	0.624191063174114	0.128505392912173	0.161479198767334	0.085824345146379
4	0.0235684036089118	0.74590314859142	0.00828576689375806	0.222242680905911
5	0.0922501100836636	0.0107881990312638	0.891897842360194	0.00506384852487891
6	0.0274368231046931	0.731227436823105	0.218953068592058	0.0223826714801444
7	0.367810417180943	0.171562577141447	0.210318439891385	0.250308565786226
8	0.0672212978369384	0.250083194675541	0.0086522462562396	0.674043261231281
9	0.0272580272580273	0.451374451374451	0.484407484407484	0.036960036960037
10	0.607801950487622	0.0657164291072768	0.314328582145536	0.0121530382595649
11	0.244137250061713	0.326092322883239	0.227351271291039	0.202419155764009
12	0.0604935575453156	0.358811967678532	0.0548154618912426	0.525879012884909
13	0.225762195121951	0.0277439024390244	0.617530487804878	0.128963414634146
14	0.244137250061713	0.556158973093063	0.16810664033572	0.0315971365095038
15	0.291039249568008	0.181189829671686	0.382127869661812	0.145643051098494
16	0.080563947633434	0.506948640483384	0.103524672708963	0.30896273917422
17	0.328067143915083	0.224635892372254	0.253023944705011	0.194273019007652
