Pos	A	C	G	T
1	0.28	0.27	0.22	0.23
2	0.135338345864662	0.0902255639097744	0.0300751879699248	0.744360902255639
3	0.779527559055118	0.0866141732283465	0.102362204724409	0.031496062992126
4	0.925233644859813	0.00934579439252336	0.0280373831775701	0.0373831775700935
5	0.0555555555555556	0.0873015873015873	0.0714285714285714	0.785714285714286
6	0.0327868852459016	0.155737704918033	0.590163934426229	0.221311475409836
7	0.529411764705882	0.0802139037433155	0.235294117647059	0.155080213903743
8	0.0714285714285714	0.214285714285714	0.464285714285714	0.25
9	0.585798816568047	0.14792899408284	0.153846153846154	0.112426035502959
10	0.0546875	0.1015625	0.0703125	0.7734375
11	0.135714285714286	0.0285714285714286	0.707142857142857	0.128571428571429
12	0.0378787878787879	0.75	0.0833333333333333	0.128787878787879
13	0.439024390243902	0.0731707317073171	0.365853658536585	0.121951219512195
14	0.24	0.25	0.25	0.26
