Pos	A	C	G	T
1	0.463569165786695	0.120380147835269	0.129883843717001	0.286166842661035
2	0.113719735876742	0.132795304475422	0.0594277329420396	0.694057226705796
3	0.249472944483486	0.0632466619817287	0.664792691496838	0.022487702037948
4	0.264664804469274	0.660614525139665	0.0244413407821229	0.0502793296089385
5	0.764753435731609	0.0485044462409054	0.139854486661277	0.0468876313662086
6	0.122719734660033	0.0480928689883914	0.0447761194029851	0.78441127694859
7	0.785714285714286	0.0415282392026578	0.0348837209302326	0.137873754152824
8	0.0850556438791733	0.124801271860095	0.0381558028616852	0.751987281399046
9	0.029535864978903	0.0140646976090014	0.665260196905767	0.291139240506329
10	0.0237212750185322	0.70126019273536	0.0474425500370645	0.227575982209044
11	0.711813393528969	0.0353649360421369	0.103837471783296	0.148984198645598
12	0.33051742344245	0.120380147835269	0.134107708553326	0.414994720168955
