Pos	A	C	G	T
1	0.325036603221083	0.187408491947291	0.401171303074671	0.0863836017569546
2	0.726114649681529	0.102972399150743	0.0721868365180467	0.0987261146496815
3	0.0605060506050605	0.101210121012101	0.0858085808580858	0.752475247524752
4	0.0160427807486631	0.0374331550802139	0.0320855614973262	0.914438502673797
5	0.289340101522843	0.00406091370558376	0.0121827411167513	0.694416243654822
6	0.160603371783496	0.606921029281278	0.000887311446317658	0.231588287488909
7	0.81042654028436	0.00355450236966825	0.183649289099526	0.0023696682464455
8	0.00236686390532544	0.809467455621302	0.00118343195266272	0.18698224852071
9	0.0365682137834037	0.00140646976090014	0.962025316455696	0.0
10	0.00121654501216545	0.832116788321168	0.166666666666667	0.0
11	0.454545454545455	0.104066985645933	0.0777511961722488	0.363636363636364
12	0.0411428571428571	0.176	0.00114285714285714	0.781714285714286
13	0.0221606648199446	0.455678670360111	0.490304709141274	0.0318559556786704
14	0.70442842430484	0.0247167868177137	0.260556127703399	0.0102986611740474
15	0.359124087591241	0.25985401459854	0.205839416058394	0.175182481751825
16	0.0275103163686382	0.462173314993122	0.031636863823934	0.478679504814305
17	0.171064604185623	0.0245677888989991	0.62238398544131	0.181983621474067
18	0.37280701754386	0.399122807017544	0.153508771929825	0.0745614035087719
19	0.477306002928258	0.177159590043924	0.202049780380674	0.143484626647145
20	0.0363391655450875	0.627187079407806	0.0430686406460296	0.293405114401077
21	0.423976608187135	0.236842105263158	0.14327485380117	0.195906432748538
