Pos	A	C	G	T
1	0.20924149956408	0.144725370531822	0.211857018308631	0.434176111595466
2	0.108947959565706	0.523773867465369	0.0321976787719955	0.33508049419693
3	0.665120324731806	0.124963757610902	0.147289069295448	0.062626848361844
4	0.00545144804088586	0.78160136286201	0.00988074957410562	0.203066439522998
5	0.0982456140350877	0.00740740740740741	0.894346978557505	0.0
6	0.026032627559875	0.796251301631378	0.157931273863242	0.019784796945505
7	0.359633827375763	0.219703574542284	0.114646904969486	0.306015693112467
8	0.0593220338983051	0.32001614205004	0.0153349475383374	0.605326876513317
9	0.0282131661442006	0.540360501567398	0.358542319749216	0.072884012539185
10	0.704761904761905	0.0466973886328725	0.242396313364055	0.00614439324116743
11	0.215438290449193	0.382904491931967	0.169646750981247	0.232010466637593
12	0.0565428109854604	0.458400646203554	0.0169628432956381	0.468093699515347
13	0.226813317479191	0.0	0.68192627824019	0.0912604042806183
14	0.295355587808418	0.537010159651669	0.151306240928882	0.0163280116110305
15	0.472307021369385	0.26035761011775	0.124291321412996	0.143044047099869
16	0.0319233838786911	0.64804469273743	0.0526735833998404	0.267358339984038
17	0.30819529206626	0.294245858761988	0.179163034001744	0.218395815170009
