Pos	A	C	G	T
1	0.299468399291199	0.235912581216775	0.231187241582989	0.233431777909037
2	0.270453534904402	0.129335260115607	0.129668741662961	0.47054246331703
3	0.877123912142561	0.0312888520513883	0.0673435557397431	0.0242436800663075
4	0.987288629737609	0.00384839650145773	0.00349854227405248	0.00536443148688047
5	0.013782866836302	0.0700805767599661	0.0185538592027142	0.897582697201018
6	0.00320673414169756	0.848381601362862	0.0576210041086281	0.0907906603868123
7	0.627343460540941	0.112486105965172	0.253501296776584	0.00666913671730271
8	0.90613293374719	0.00599379214385101	0.0792036819008884	0.00866959220807021
9	0.00769589552238806	0.00151585820895522	0.00361473880597015	0.987173507462687
10	0.0187935738102455	0.096089724158836	0.0297059715065171	0.855410730524401
11	0.60553608468636	0.0866890780344754	0.0841856805664831	0.223589156712682
12	0.252509743710878	0.262666824140782	0.221211763316405	0.263611668831936
