Pos	A	C	G	T
1	0.204304160688666	0.137876614060258	0.100860832137733	0.556958393113343
2	0.119365525549644	0.0166649934745507	0.164240538098584	0.699728942877221
3	0.147796445093742	0.392378865351838	0.00365230094959825	0.456172388604821
4	0.715973292244479	0.204417051874679	0.0645095017976374	0.0151001540832049
5	0.00143847260363541	0.911468549758075	0.000915391656858899	0.0861775859814306
6	0.0175981979445305	0.000703927917781219	0.98127551738702	0.000422356750668732
7	0.0	0.869619463505926	0.129008109794136	0.00137242669993762
8	0.45636225651404	0.0798128004047559	0.0385782949658487	0.425246648115355
9	0.0192731916869848	0.170556136073377	0.000928828515035412	0.809241843724602
10	0.0173683479227456	0.350979574822843	0.617479505349451	0.0141725719049604
11	0.808490894327804	0.00800371186637281	0.181069481498666	0.00243591230715694
12	0.365136298421808	0.254088952654232	0.217360114777618	0.163414634146341
13	0.0318200521190509	0.472088876697298	0.0122068303387738	0.483884240844877
14	0.130042620675984	0.0135791456041233	0.690851422341164	0.165526811378729
15	0.359489312867594	0.485726581552145	0.132549132118778	0.0222349734614833
16	0.576470588235294	0.129411764705882	0.15896700143472	0.135150645624103
17	0.0449602122015915	0.645358090185676	0.0306366047745358	0.279045092838196
18	0.476757532281205	0.125538020086083	0.147919655667145	0.249784791965567
