Pos	A	C	G	T
1	0.0982456140350877	0.047953216374269	0.0222222222222222	0.831578947368421
2	0.827706635622817	0.0640279394644936	0.0710128055878929	0.0372526193247963
3	0.951807228915663	0.0227576974564926	0.0120481927710843	0.0133868808567604
4	0.0151515151515152	0.0202020202020202	0.0669191919191919	0.897727272727273
5	0.0294478527607362	0.0969325153374233	0.466257668711656	0.407361963190184
6	0.693658536585366	0.0819512195121951	0.0702439024390244	0.154146341463415
7	0.140646976090014	0.149085794655415	0.552742616033755	0.157524613220816
8	0.246478873239437	0.222535211267606	0.330985915492958	0.2
9	0.171348314606742	0.200842696629213	0.200842696629213	0.426966292134831
10	0.137640449438202	0.205056179775281	0.485955056179775	0.171348314606742
11	0.208157524613221	0.29535864978903	0.272855133614627	0.223628691983122
12	0.170258620689655	0.0183189655172414	0.0452586206896552	0.766163793103448
13	0.827706635622817	0.0407450523864959	0.0628637951105937	0.0686845168800931
14	0.954362416107383	0.0214765100671141	0.0161073825503356	0.00805369127516779
15	0.0118733509234828	0.0171503957783641	0.0329815303430079	0.937994722955145
16	0.012853470437018	0.0719794344473008	0.433161953727506	0.482005141388175
17	0.703960396039604	0.0722772277227723	0.0772277227722772	0.146534653465347
