Pos	A	C	G	T
1	0.197030752916225	0.294379639448568	0.185790031813362	0.322799575821845
2	0.096412174800204	0.484271382417956	0.317463016493794	0.101853426288046
3	0.0	0.00239408764442594	0.981471843447486	0.0161340689080879
4	0.0391998383511821	0.00707213578500707	0.00111133562335825	0.952616690240453
5	0.0171212251570163	0.811236341736213	0.00395767013679773	0.167684762969973
6	0.915881495871782	0.00485672656629432	0.0771248178727538	0.0021369596891695
7	0.0	0.878996923650601	0.00214412230819428	0.118858954041204
8	0.0120217436755175	0.00229981183357725	0.985678444490905	0.0
9	0.0011016015591899	0.799000084738582	0.199898313702229	0.0
10	0.49145924841386	0.0740849194729136	0.00556368960468521	0.428892142508541
11	0.00873177348253645	0.191251271617497	0.000678195998643608	0.799338758901322
12	0.00316455696202532	0.381223628691983	0.613396624472574	0.00221518987341772
13	0.753115015974441	0.0012779552715655	0.243849840255591	0.00175718849840256
14	0.212535793827553	0.309788948987167	0.251458267048468	0.226216990136812
15	0.0161772282328697	0.434003091190108	0.0122617207624936	0.537557959814529
16	0.192938209331652	0.00269020596889449	0.792686002522068	0.0116855821773855
17	0.372746553552492	0.420360551431601	0.199363732767762	0.00752916224814422
18	0.345741860218475	0.204793721497508	0.151977940396649	0.297486477887369
19	0.00227202313332645	0.632242073737478	0.0239595166787153	0.34152638645048
20	0.367762460233298	0.211134676564157	0.2016967126193	0.219406150583245
