Pos	A	C	G	T
1	0.190298507462687	0.0514925373134328	0.192537313432836	0.565671641791045
2	0.194615816040381	0.305664610207515	0.0544026920919798	0.445316881660123
3	0.67017017017017	0.0815815815815816	0.171171171171171	0.0770770770770771
4	0.0736788617886179	0.680386178861789	0.0594512195121951	0.186483739837398
5	0.144154370034052	0.0709421112372304	0.759931895573212	0.0249716231555051
6	0.0425219941348974	0.6544477028348	0.15347018572825	0.149560117302053
7	0.111346765641569	0.104453870625663	0.0742311770943796	0.709968186638388
8	0.750981491867639	0.107683679192372	0.0566461020751542	0.0846887268648345
9	0.950319375443577	0.0099361249112846	0.0035486160397445	0.0361958836053939
10	0.0	0.0132255694342395	0.00293901542983101	0.983835415135929
11	0.0303813833225598	0.0762766645119586	0.0277957336780866	0.865546218487395
12	0.691632231404959	0.0650826446280992	0.111570247933884	0.131714876033058
13	0.303958177744586	0.177744585511576	0.365197908887229	0.153099327856609
