Pos	A	C	G	T
1	0.165405405405405	0.299459459459459	0.300540540540541	0.234594594594595
2	0.12093023255814	0.465891472868217	0.162015503875969	0.251162790697674
3	0.42157751586582	0.128739800543971	0.416137805983681	0.0335448776065277
4	0.78656462585034	0.0527210884353742	0.0663265306122449	0.0943877551020408
5	0.0220661985957874	0.0361083249749248	0.0140421263791374	0.92778335005015
6	0.0285188592456302	0.093836246550138	0.0266789328426863	0.850965961361546
7	0.422907488986784	0.392070484581498	0.133039647577093	0.0519823788546256
8	0.00424178154825027	0.00212089077412513	0.980911983032874	0.0127253446447508
9	0.0736543909348442	0.0434372049102927	0.00944287063267233	0.873465533522191
10	0.024390243902439	0.777964676198486	0.00420521446593776	0.193439865433137
11	0.948717948717949	0.0041025641025641	0.0246153846153846	0.0225641025641026
12	0.0036101083032491	0.834837545126354	0.0	0.161552346570397
13	0.102564102564103	0.0142450142450142	0.878442545109212	0.00474833808167141
14	0.0	0.465665236051502	0.526824034334764	0.00751072961373391
15	0.166855203619909	0.231334841628959	0.0786199095022624	0.523190045248869
16	0.228108108108108	0.241081081081081	0.214054054054054	0.316756756756757
