Pos	A	C	G	T
1	0.153846153846154	0.264957264957265	0.230769230769231	0.35042735042735
2	0.155555555555556	0.338888888888889	0.311111111111111	0.194444444444444
3	0.0518518518518519	0.0	0.866666666666667	0.0814814814814815
4	0.117241379310345	0.0551724137931034	0.0206896551724138	0.806896551724138
5	0.0613496932515337	0.717791411042945	0.0552147239263804	0.165644171779141
6	0.790540540540541	0.0	0.209459459459459	0.0
7	0.0072463768115942	0.847826086956522	0.0	0.144927536231884
8	0.062992125984252	0.0	0.921259842519685	0.015748031496063
9	0.0166666666666667	0.483333333333333	0.491666666666667	0.00833333333333333
10	0.23728813559322	0.203389830508475	0.101694915254237	0.457627118644068
11	0.241379310344828	0.158620689655172	0.0344827586206897	0.56551724137931
12	0.6171875	0.0703125	0.3046875	0.0078125
13	0.0763358778625954	0.0229007633587786	0.00763358778625954	0.893129770992366
14	0.0986842105263158	0.125	0.00657894736842105	0.769736842105263
15	0.769736842105263	0.00657894736842105	0.0789473684210526	0.144736842105263
16	0.341880341880342	0.179487179487179	0.282051282051282	0.196581196581197
