Pos	A	C	G	T
1	0.322082054778952	0.0613706102966246	0.553585634731219	0.0629617001932038
2	0.382177100958827	0.00552735476593345	0.610377890580936	0.00191765369430344
3	0.00124434389140271	0.00124434389140271	0.995361990950226	0.00214932126696833
4	0.012880440427963	0.000519372597901735	0.913991897787473	0.0726082891866625
5	0.00918850072780204	0.00873362445414847	0.181586608442504	0.800491266375546
6	0.00109301563012351	0.961744452945677	0.00349765001639523	0.0336648814078041
7	0.93856	0.000213333333333333	0.0609066666666667	0.00032
8	0.995474601199231	0.000339404910057699	0.00203642946034619	0.00214956443036543
9	0.985551075268817	0.00123207885304659	0.0126568100358423	0.000560035842293907
10	0.000567794685441744	0.000113558937088349	0.999205087440382	0.000113558937088349
11	0.00222599109603562	0.000211999152003392	0.932690269238923	0.0648717405130379
12	0.000443508149462246	0.00166315556048342	0.0222862845104779	0.975607051779576
13	0.000321371183717193	0.942581681842528	0.00696304231387252	0.0501339046598822
14	0.679931999072715	0.00363186770728692	0.310408778301522	0.00602735491847616
15	0.295715422207069	0.239913626548471	0.202636663257188	0.261734287987271
