Pos	A	C	G	T
1	0.0599250936329588	0.188202247191011	0.0936329588014981	0.658239700374532
2	0.0445151033386327	0.735294117647059	0.202702702702703	0.0174880763116057
3	0.930579964850615	0.0184534270650264	0.0395430579964851	0.0114235500878735
4	0.94429469901168	0.0179694519317161	0.0134770889487871	0.0242587601078167
5	0.0249569707401033	0.0438898450946644	0.903614457831325	0.0275387263339071
6	0.0217983651226158	0.0072661217075386	0.966394187102634	0.00454132606721163
7	0.0818181818181818	0.191666666666667	0.0356060606060606	0.690909090909091
8	0.0159716060337178	0.914818101153505	0.00976042590949423	0.059449866903283
9	0.612359550561798	0.0	0.387640449438202	0.0
10	0.0224719101123595	0.280898876404494	0.0112359550561798	0.685393258426966
11	0.0490956072351421	0.024978466838932	0.898363479758829	0.0275624461670973
12	0.682926829268293	0.0524759793052476	0.186252771618625	0.0783444198078344
13	0.0053475935828877	0.945632798573975	0.017825311942959	0.0311942959001783
14	0.0275624461670973	0.904392764857881	0.0447889750215332	0.0232558139534884
15	0.0317596566523605	0.0369098712446352	0.0291845493562232	0.902145922746781
16	0.0233333333333333	0.0625	0.0391666666666667	0.875
17	0.024294670846395	0.203761755485893	0.700626959247649	0.0713166144200627
18	0.604498594189316	0.0571696344892221	0.264292408622306	0.0740393626991565
