Pos	A	C	G	T
1	0.0333501768569985	0.44157774276967	0.0170317748119966	0.508040305561335
2	0.372034800025036	0.00481942792764599	0.623145772047318	0.0
3	3.12998841904285e-05	0.0	0.99996870011581	0.0
4	0.874162037923769	0.0	0.124305688565409	0.00153227351082168
5	0.98522835908348	3.08384987818793e-05	0.00814136367841613	0.00659943873932217
6	0.0	0.481706362868142	0.00441300741760821	0.51388062971425
7	0.204964472407425	0.109900773155539	0.545653739005227	0.139481015431809
8	0.0663599085986165	0.404732838764203	0.0565311296835384	0.472376122953642
9	0.163296606986353	0.205771879303869	0.146456742206085	0.484474771503694
10	0.281519969951171	0.212000751220734	0.413202704394641	0.0932765744334544
11	0.255508952047077	0.274571178164517	0.251658945786904	0.218260924001502
12	0.166677100287968	0.244365844497308	0.40985351195693	0.179103543257794
13	0.28359470372805	0.161454909694181	0.318746674179109	0.23620371239866
14	0.279047201702767	0.223456867409541	0.241141855515212	0.25635407537248
15	0.239232502817078	0.36978840616001	0.154532365093277	0.236446725929636
16	0.218737283626006	0.38745422105362	0.246251604219489	0.147556891100886
17	0.18793626944627	0.283469496353335	0.251760728706921	0.276833505493474
18	0.0792224865406285	0.497433329159885	0.168148240891449	0.255195943408038
19	0.791360134750192	0.0550147383022467	0.0908325283000173	0.062792598647544
20	0.90666061242444	0.0132814938842694	0.0671453301926952	0.0129125634985952
21	0.0357381243742352	0.888530426076315	0.0496996328846368	0.0260318166648125
22	0.639326334208224	0.00168728908886389	0.358923884514436	6.24921884764404e-05
23	0.0072992700729927	0.0166753199157072	0.000305408789664967	0.975720001221635
24	0.0	0.000312910695287565	0.0	0.999687089304712
25	0.0	0.999655809005288	0.000281610813855252	6.25801808567227e-05
26	0.000187260073031428	0.623076682999906	0.00274648107112762	0.373989575855935
27	0.551909676281203	0.0236982152832907	0.387433477404369	0.036958631031137
