Pos	A	C	G	T
1	0.346034214618974	0.210730948678072	0.171073094867807	0.272161741835148
2	0.231906614785992	0.203891050583658	0.315953307392996	0.248249027237354
3	0.0815394651011089	0.0384866275277234	0.8382257012394	0.0417482061317678
4	0.975702353834472	0.00607441154138193	0.0182232346241458	0.0
5	0.980916030534351	0.00152671755725191	0.0083969465648855	0.00916030534351145
6	0.929139551699205	0.00506146059291396	0.00216919739696312	0.0636297903109183
7	0.255252918287938	0.0817120622568093	0.649027237354086	0.0140077821011673
8	0.0529616724738676	0.147735191637631	0.0515679442508711	0.747735191637631
9	0.0167427701674277	0.00380517503805175	0.9779299847793	0.0015220700152207
10	0.94208211143695	0.0205278592375367	0.0263929618768328	0.0109970674486804
11	0.991512345679012	0.0	0.00462962962962963	0.00385802469135802
12	0.933866279069767	0.0174418604651163	0.000726744186046512	0.0479651162790698
13	0.231726283048211	0.200622083981337	0.492223950233281	0.0754276827371695
14	0.106551952349437	0.195234943745864	0.043017868960953	0.655195234943746
15	0.373540856031128	0.088715953307393	0.408560311284047	0.129182879377432
