Pos	A	C	G	T
1	0.492089650626236	0.108108108108108	0.285431773236651	0.114370468029005
2	0.695056581298392	0.0768314472900536	0.208457415128052	0.0196545562835021
3	0.0152505446623094	0.0105820105820106	0.944288826641768	0.0298786181139122
4	0.00324061571698623	0.0062111801242236	0.819335673778018	0.171212530380772
5	0.0468529494778436	0.0389500423370025	0.0578605701383009	0.856336438046853
6	0.0028391167192429	0.957097791798107	0.0167192429022082	0.0233438485804416
7	0.811663991439272	0.00107009095773141	0.183788121990369	0.00347779561262707
8	0.00491803278688525	0.524918032786885	0.000327868852459016	0.469836065573771
9	0.0201574803149606	0.0201574803149606	0.955590551181102	0.00409448818897638
10	0.799472990777339	0.103557312252964	0.055862977602108	0.0411067193675889
11	0.20419115767953	0.775364170713008	0.0122668029644774	0.00817786864298492
12	0.050531914893617	0.896572104018913	0.0304373522458629	0.0224586288416076
13	0.0302149912841371	0.243753631609529	0.0883207437536316	0.637710633352702
14	0.113052076466711	0.342452208305867	0.114700065919578	0.429795649307844
