Pos	A	C	G	T
1	0.173022497241809	0.0485921235669401	0.317167937832782	0.461217441358469
2	0.04092978462616	0.822841884083348	0.0336631062861145	0.102565225004378
3	0.416530749304423	0.18689436822412	0.284658927372158	0.1119159550993
4	0.00909171545148128	0.0576104310803619	0.898039737448998	0.0352581160191591
5	0.00571891531239575	0.00023828813801649	0.000714864414049469	0.993327932135538
6	0.0328467153284672	0.00500655062698858	0.0	0.962146734044544
7	0.00711710446223721	0.0183546378236644	0.00365219834246383	0.970876059371635
8	0.000188022938798533	0.978377362038169	0.0001410172040989	0.0212935978189339
9	0.103755948334466	0.418167912984364	0.456364717878994	0.0217114208021754
10	0.267952223341488	0.289538063030652	0.283733870580899	0.158775843046961
11	0.0575927163381223	0.440653190778483	0.395422652856666	0.106331440026729
12	0.0426901415116664	4.7328316531781e-05	0.95721520185527	4.7328316531781e-05
13	0.863149426260744	0.000127027141465893	0.133801922344074	0.00292162425371554
14	0.917715436364468	4.57644959040776e-05	0.000549173950848931	0.0816896251887786
15	0.942632684753814	4.56746140495113e-05	0.000319722298346579	0.0570019183337901
16	0.00921273031825796	0.896984924623116	0.0906285815040113	0.00317376355461518
17	0.0420932414243178	0.66231594403883	0.151160419300893	0.144430395235959
18	0.0548655657158455	0.000272963013511669	0.941267458259406	0.00359401301123698
19	0.627981716897586	0.23782316811884	0.0986287673189544	0.0355663476646193
20	0.774124316663292	0.0730107309171897	0.0174124316663292	0.135452520753189
21	0.718244722163383	0.186436489444327	0.0231236319988703	0.0721951563934195
22	0.099764367586565	0.571149007548225	0.230760014377571	0.0983266104876393
23	0.18876523073971	0.316271706802264	0.142425405353545	0.35253765710448
