Pos	A	C	G	T
1	0.0722456351595425	0.270319084888621	0.0800722456351595	0.577363034316677
2	0.0552567237163814	0.714425427872861	0.207823960880196	0.0224938875305623
3	0.911420612813371	0.00668523676880223	0.0685236768802228	0.0133704735376045
4	0.959207459207459	0.00990675990675991	0.0256410256410256	0.00524475524475524
5	0.0034965034965035	0.00407925407925408	0.962121212121212	0.0303030303030303
6	0.00293944738389183	0.0199882422104644	0.975308641975309	0.0017636684303351
7	0.0703592814371257	0.213073852295409	0.0159680638722555	0.70059880239521
8	0.00519031141868512	0.934256055363322	0.0173010380622837	0.0432525951557093
9	0.457555689343769	0.0	0.542444310656231	0.0
10	0.00602409638554217	0.502409638554217	0.00421686746987952	0.487349397590361
11	0.0508187464709204	0.031055900621118	0.909655561829475	0.00846979107848673
12	0.714569865738439	0.0208851317752362	0.206862257583292	0.0576827449030333
13	0.00464037122969838	0.962296983758701	0.0208816705336427	0.0121809744779582
14	0.0349570200573066	0.942120343839542	0.00974212034383954	0.0131805157593123
15	0.0148063781321185	0.0273348519362187	0.0216400911161731	0.93621867881549
16	0.02453653217012	0.0768811341330425	0.00599781897491821	0.892584514721919
17	0.0335731414868106	0.212470023980815	0.695923261390887	0.0580335731414868
18	0.537951807228916	0.1	0.281927710843373	0.0801204819277108
