Pos	A	C	G	T
1	0.324505713767459	0.0701977144930165	0.548521676038455	0.0567748957010702
2	0.446596765594455	0.00710858361471477	0.533499200284343	0.0127954505064866
3	0.00357398141529664	0.00160829163688349	0.985346676197284	0.0094710507505361
4	0.00334565944708575	0.00158478605388273	0.0241239654868815	0.97094558901215
5	0.124	0.68925	0.06725	0.1195
6	0.0105226236408278	0.967029112592073	0.00368291827428972	0.0187653454928095
7	0.932521562658549	0.000676475562320311	0.0649416539827499	0.00186030779638086
8	0.992797983435362	0.00126035289881167	0.00126035289881167	0.00468131076701476
9	0.983062934569442	0.00231770369049741	0.0137279372437155	0.00089142449634516
10	0.000904977375565611	0.000180995475113122	0.998009049773756	0.000904977375565611
11	0.004149377593361	0.000497925311203319	0.915186721991701	0.0801659751037344
12	0.000877808988764045	0.00438904494382023	0.026685393258427	0.968047752808989
13	0.00201308505284348	0.92501258178158	0.00905888273779567	0.0639154504277806
14	0.696736011477762	0.00412482065997131	0.292324246771879	0.00681492109038737
15	0.268177697189483	0.295557570262919	0.170081595648232	0.266183136899365
