Pos	A	C	G	T
1	0.208084996112983	0.391422648354496	0.191111686965535	0.209380668566986
2	0.0414577473401003	0.805674452733276	0.0145530145530146	0.138314785373609
3	0.0408014571948998	0.0109289617486339	0.937340619307832	0.0109289617486339
4	0.914898660661372	0.0442100272608747	0.0212160720635297	0.0196752400142231
5	0.772595335802222	0.017615854268842	0.0354318886998298	0.174356921229106
6	0.997286821705426	0.000516795865633075	0.00103359173126615	0.00116279069767442
7	0.01092318534179	0.906624383368569	0.0673009161381254	0.0151515151515152
8	0.016561420231145	0.919694983915167	0.00309781961158108	0.0606457762421065
9	0.0403715170278638	0.000495356037151703	0.955913312693498	0.00321981424148607
10	0.956031706712906	0.024770869457518	0.0133762695070597	0.00582115432251672
11	0.750291601866252	0.00486003110419907	0.0482115085536547	0.196636858475894
12	0.991267497110569	0.00115577244124823	0.00154102992166431	0.00603570052651856
13	0.0178886925795053	0.852363074204947	0.116497349823322	0.0132508833922261
14	0.100323974082073	0.367278617710583	0.0660907127429806	0.466306695464363
