Pos	A	C	G	T
1	0.0281867145421903	0.256552962298025	0.00718132854578097	0.708078994614004
2	0.140286571142952	0.00716427857380873	0.847884038653782	0.00466511162945685
3	0.643361581920904	0.0259887005649717	0.208050847457627	0.122598870056497
4	0.000919624793084422	0.996689350744896	0.00110354975170131	0.00128747471031819
5	0.00458463231248854	0.994131670640015	0.0	0.00128369704749679
6	0.00594487479733381	0.019816249324446	0.00774635200864709	0.966492523869573
7	0.0107033639143731	0.0965001698946653	0.0035677879714577	0.889228678219504
8	0.0454934398174558	0.221334854535083	0.66814033086138	0.065031374786081
9	0.450055289347586	0.132141540729819	0.309804644305197	0.107998525617398
10	0.207335053446369	0.281607077036491	0.289163287873203	0.221894581643937
11	0.111500184297825	0.294692222631773	0.127165499447107	0.466642093623295
12	0.057221497899464	0.691293640446183	0.210343328987397	0.0411415326669564
13	0.893775372124493	0.00287550744248985	0.094553450608931	0.0087956698240866
14	0.965672178289001	0.00593098490294752	0.0217469446441409	0.00664989216391086
15	0.00165107319757843	0.000733810310034856	0.993212254632178	0.00440286186020914
16	0.000735564545788893	0.000183891136447223	0.997793306362633	0.00128723795513056
17	0.116794543904518	0.210713270815573	0.0264279624893436	0.646064222790566
18	0.00434855326977756	0.856664994146178	0.00886435858839271	0.130122093995651
19	0.700914470145239	0.0109377801685494	0.262865339788417	0.0252824098977945
