Pos	A	C	G	T
1	0.45037494486105	0.0998382590795471	0.334362593736215	0.115424202323188
2	0.677161080200841	0.0556384855475641	0.245623558149003	0.0215768761025919
3	0.0091049166549937	0.00658355511976467	0.952514357753187	0.0317971704720549
4	0.00591226203145323	0.00189192385006503	0.80406763627764	0.188128177840842
5	0.0358458138963909	0.0305671495212374	0.0988215074883378	0.834765529094034
6	0.00869114022571021	0.88208587365417	0.0495524711376313	0.059670514982488
7	0.818488204140587	0.00433317284545017	0.174530572941743	0.00264805007221955
8	0.620735294117647	0.137352941176471	0.0939705882352941	0.147941176470588
9	0.62	0.0486764705882353	0.219264705882353	0.112058823529412
10	0.685510428100988	0.0581778265642151	0.247530186608123	0.00878155872667398
11	0.0091129147088139	0.00398690018510608	0.968247187811477	0.0186529972946034
12	0.0036003600360036	0.0009000900090009	0.765076507650765	0.23042304230423
13	0.0372063492063492	0.0292063492063492	0.0700952380952381	0.863492063492064
14	0.00763457556935818	0.87991718426501	0.0425724637681159	0.0698757763975155
15	0.77910174152154	0.00630155820348304	0.20795142071494	0.00664527956003666
16	0.275294117647059	0.301176470588235	0.148676470588235	0.274852941176471
