Pos	A	C	G	T
1	0.570609601330358	0.0650737385672399	0.32738173384097	0.0369349262614328
2	0.00244562843916499	0.0592628177133374	0.935321862171369	0.00296969167612892
3	0.000532575892064619	0.00026628794603231	0.000488194567725901	0.998712941594177
4	0.486092715231788	0.00794701986754967	8.83002207505519e-05	0.505871964679912
5	0.000443164192333259	0.00350099711943275	0.00150675825393308	0.994549080434301
6	0.000354186036215522	0.991056802585558	0.00172665692655067	0.00686235445167574
7	0.0185527125648466	0.00395673964653126	0.923107359535743	0.0543831882528796
8	0.320687663808805	0.155213006974368	0.366487495002443	0.157611834214384
9	0.224102700781805	0.204690831556503	0.138415067519545	0.432791400142146
10	0.283194882501888	0.177335524854516	0.257785082848385	0.281684509795211
11	0.340203438013592	0.230222538089104	0.195620308266335	0.233953715630969
12	0.321887077428813	0.142730220780952	0.214961574341433	0.320421127448803
13	0.205579246624023	0.276119402985075	0.298107675906183	0.220193674484719
14	0.0382884869872078	0.591574768416409	0.00282311424790472	0.367313630348478
15	0.00508759511590869	0.00172535834365599	0.992346487347372	0.000840559193063175
16	0.991561367853671	0.00340196165061412	0.00375541221171689	0.00128125828399753
17	0.487251626516617	0.000659398628450853	0.0123527343063126	0.49973624054862
18	0.996898675291303	0.00115192060608746	0.00128483452217447	0.000664569580435072
19	0.0022182593188639	0.937975729633335	0.0567613413944587	0.00304466965334261
20	0.0287826429290057	0.304186168584051	0.0578277415686103	0.609203446918333
