Pos	A	C	G	T
1	0.277075431942689	0.351453855878635	0.3322798145807	0.0391908975979772
2	0.00206526228831062	0.0133209417596035	0.980070218917803	0.00454357703428335
3	0.902787025587368	0.028155616855322	0.00561209930562161	0.0634452582516884
4	0.779100311935643	0.0397307502873091	0.0298801510425218	0.151288786734526
5	0.0928345626975764	0.443835616438356	0.163435194942044	0.299894625922023
6	0.257744994731296	0.171443624868282	0.477133825079031	0.0936775553213909
7	0.179167628279098	0.0250788522194015	0.0656204323409493	0.730133087160551
8	0.117690219385135	0.00491598796683542	0.181011079316164	0.696382713331866
9	0.0	0.99684907047579	0.00315092952420964	0.0
10	0.00916657886418712	0.197766304920451	0.267411231693183	0.525655884522179
11	0.503688092729189	0.254899894625922	0.228451001053741	0.0129610115911486
12	0.00410172272354389	0.0154840032813782	0.973236259228876	0.00717801476620181
13	0.708019395747855	0.162103692651996	0.00880268556508765	0.121074226035062
14	0.591634459543698	0.127103852387483	0.0817853135519262	0.199476374516893
15	0.161643835616438	0.328977871443625	0.291148577449947	0.218229715489989
