Pos	A	C	G	T
1	0.45132365499573	0.0541844577284372	0.429120409906063	0.0653714773697694
2	0.00193301676681935	0.00815228810354246	0.98411564482918	0.00579905030045804
3	0.916630787897765	0.0274374730909233	0.00743669028142002	0.0484950487298916
4	0.857461921499707	0.0198081429408319	0.0170987111892209	0.10563122437024
5	0.13079123788377	0.42845552756309	0.131517144199155	0.309236090353986
6	0.32600341588386	0.127583262169086	0.458881298035867	0.087532023911187
7	0.145231785800324	0.0271879409436625	0.0216126922944557	0.805967580961558
8	0.0923862421085314	0.00569220685134716	0.0940076586055818	0.80791389243454
9	0.00417668649538033	0.988018394296081	0.00738303168375311	0.000421887524785892
10	0.00844231087568283	0.401009766594935	0.0223472934944546	0.568200629034928
11	0.570103519668737	0.0175155279503106	0.399627329192547	0.0127536231884058
12	0.00312187812187812	0.0134032634032634	0.97481684981685	0.00865800865800866
13	0.795536381547659	0.0968136422311298	0.00981724301922685	0.0978327332019838
14	0.677064962849461	0.0650784931625661	0.0666396831362572	0.191216860851716
15	0.232578992314261	0.305380017079419	0.227113578138343	0.234927412467976
