Pos	A	C	G	T
1	0.239195979899497	0.311306532663317	0.311306532663317	0.138190954773869
2	0.0825067628494139	0.623083859332732	0.0200631199278629	0.274346257889991
3	0.0642054574638844	0.0126117862875487	0.9128640220133	0.0103187342352671
4	0.931663936344489	0.0294874795225837	0.021062485373274	0.0177860987596536
5	0.784278959810875	0.012214342001576	0.0275807722616233	0.175925925925926
6	0.991778774289985	0.00448430493273543	0.00149476831091181	0.00224215246636771
7	0.0223269151986891	0.81544448996313	0.148914379352724	0.0133142154854568
8	0.0667534399404983	0.740238006693938	0.00762365191521012	0.185384901450353
9	0.122780092085069	0.00109625082218812	0.872834904626179	0.00328875246656435
10	0.937367553567224	0.0346126677654815	0.0240169531433953	0.00400282552389922
11	0.697686645636172	0.00368033648790747	0.0555555555555556	0.243077462320365
12	0.988577104544326	0.00446982865656816	0.0019865905140303	0.00496647628507574
13	0.0261705172766305	0.813943978736455	0.143324473522797	0.0165610304641178
14	0.0917293233082707	0.341138560687433	0.0528464017185822	0.514285714285714
