Pos	A	C	G	T
1	0.403880070546737	0.261022927689594	0.135214579659024	0.199882422104644
2	0.346981627296588	0.0797900262467192	0.497112860892388	0.0761154855643045
3	0.52436974789916	0.0352941176470588	0.426330532212885	0.0140056022408964
4	0.0235725510738607	0.0544787847040335	0.880041906757465	0.0419067574646412
5	0.0224032586558045	0.0509164969450102	0.824847250509165	0.10183299389002
6	0.0242587601078167	0.0328840970350404	0.045822102425876	0.897035040431267
7	0.0241625480505217	0.918176825919824	0.0164744645799012	0.0411861614497529
8	0.628528225806452	0.00907258064516129	0.345766129032258	0.016633064516129
9	0.00408639813193228	0.771161704611792	0.00291885580852306	0.221833041447752
10	0.0324175824175824	0.0307692307692308	0.927472527472528	0.00934065934065934
11	0.86219262295082	0.0394467213114754	0.0665983606557377	0.0317622950819672
12	0.0608740894901145	0.86576482830385	0.0442247658688866	0.0291363163371488
13	0.0583979328165375	0.864082687338501	0.0578811369509044	0.0196382428940568
14	0.014367816091954	0.444252873563218	0.0155172413793103	0.525862068965517
15	0.0556149732620321	0.517112299465241	0.0636363636363636	0.363636363636364
16	0.216931216931217	0.158730158730159	0.222810111699001	0.401528512639624
