Pos	A	C	G	T
1	0.37997432605905	0.102695763799743	0.360290971330766	0.157038938810441
2	0.168807887660592	0.040035853002689	0.0929190319689274	0.698237227367792
3	0.00497925311203319	0.00788381742738589	0.0174273858921162	0.969709543568465
4	0.0690518783542039	0.83613595706619	0.0944543828264758	0.00035778175313059
5	0.0	0.054177794734834	0.891644410530332	0.054177794734834
6	0.994468085106383	0.0	0.00297872340425532	0.0025531914893617
7	0.852297592997812	0.0061998541210795	0.0309992706053975	0.110503282275711
8	0.246469833119384	0.424475823705605	0.0423620025673941	0.286692340607617
9	0.0689212328767123	0.434503424657534	0.425513698630137	0.0710616438356164
10	0.284674657534247	0.0436643835616438	0.420376712328767	0.251284246575342
11	0.1245960502693	0.0330341113105925	0.00323159784560144	0.839138240574506
12	0.00467886005954913	0.000850701829008932	0.000425350914504466	0.994045087196938
13	0.061520825372564	0.893007260221628	0.0454719144058082	0.0
14	0.0	0.088689407540395	0.839138240574506	0.0721723518850987
15	0.970112079701121	0.0186799501867995	0.0078870900788709	0.0033208800332088
16	0.705190102595051	0.0950512975256488	0.0334942667471334	0.166264333132167
17	0.159674657534247	0.38527397260274	0.0941780821917808	0.360873287671233
