Pos	A	C	G	T
1	0.306896551724138	0.227586206896552	0.222198275862069	0.243318965517241
2	0.0808729139922978	0.662020905923345	0.0682193288098294	0.188886851274528
3	0.052766292577279	0.0185075802323292	0.913565662531994	0.0151604646583973
4	0.854040125161053	0.067734216823118	0.0456469722068839	0.0325786858089453
5	0.83258568096178	0.0125605598420958	0.0314013996052395	0.123452359590885
6	0.947132067768932	0.0149010002041233	0.00571545213308839	0.0322514798938559
7	0.0648973266175901	0.617977528089888	0.280898876404494	0.0362262688880279
8	0.0140756302521008	0.659873949579832	0.0111344537815126	0.314915966386555
9	0.0457984052341035	0.00143120016356573	0.948681251277857	0.00408914332447352
10	0.855930640103302	0.087253274303634	0.0260099612617598	0.0308061243313042
11	0.742756523131103	0.0179286057307508	0.062590043220746	0.1767248279174
12	0.891279293123319	0.0257395313100269	0.0172877449097196	0.0656934306569343
13	0.0632084534101825	0.690489913544669	0.200960614793468	0.0453410182516811
14	0.163993453355155	0.329787234042553	0.0765957446808511	0.42962356792144
15	0.380387931034483	0.176293103448276	0.296551724137931	0.14676724137931
