Pos	A	C	G	T
1	0.301298701298701	0.227705627705628	0.262337662337662	0.208658008658009
2	0.107342657342657	0.524475524475524	0.084965034965035	0.283216783216783
3	0.0975243810952738	0.0123780945236309	0.86609152288072	0.0240060015003751
4	0.875948406676783	0.0648710166919575	0.0292109256449165	0.0299696509863429
5	0.804810038340885	0.0139421401185082	0.0414778668525619	0.139769954688045
6	0.933306386418755	0.0181891673403395	0.0	0.0485044462409054
7	0.0523186682520809	0.591755846214824	0.323424494649227	0.0325009908838684
8	0.0313272877164056	0.476504534212696	0.0169002473206925	0.475267930750206
9	0.0519902518277823	0.00284321689683184	0.937855402112104	0.00731112916328188
10	0.851087357169185	0.095834869148544	0.0232215259859934	0.0298562476962772
11	0.725416273955388	0.0210493245366007	0.076971410618913	0.176562990889098
12	0.904780564263323	0.0262539184952978	0.00705329153605016	0.0619122257053292
13	0.0488289003572846	0.66137356093688	0.25565700674871	0.0341405319571258
14	0.14	0.358620689655172	0.063448275862069	0.437931034482759
15	0.366825465569511	0.184062364660026	0.287137288869641	0.161974880900823
