Pos	A	C	G	T
1	0.303711962224554	0.176810073452256	0.373360440713536	0.146117523609654
2	0.0810202157745889	0.0248769246883838	0.798575468733634	0.0955273908033937
3	0.223373557187828	0.177400314795383	0.218323714585519	0.38090241343127
4	0.94849465041055	0.00329684000995272	0.0267479472505598	0.0214605623289375
5	0.0	0.979822644904254	0.00507646832026732	0.0151008867754787
6	0.510030769230769	0.0101538461538462	0.428307692307692	0.0515076923076923
7	0.131623819517314	0.310729275970619	0.180941762854145	0.376705141657922
8	0.24168688922411	0.244507116153998	0.261297304387748	0.252508690234144
9	0.394281217208814	0.173399790136411	0.307384575026233	0.124934417628541
10	0.0491022352510077	0.433125687064859	0.0196653230731648	0.498106754610969
11	0.0127973112719752	0.00168045501551189	0.985522233712513	0.0
12	0.0152709976217299	0.0304168231318062	0.0	0.954312179246464
13	0.382541972717733	0.224160545645331	0.172940713536201	0.220356768100735
14	0.0961498221385227	0.797656413475623	0.029870265745972	0.0763234986398828
15	0.146970094438615	0.365818467995803	0.184548793284365	0.302662644281217
