Pos	A	C	G	T
1	0.297297297297297	0.257864421798848	0.219760744350908	0.225077536552946
2	0.347695088882193	0.191021391985538	0.332329014763483	0.128954504368786
3	0.57490230134607	0.0151975683890578	0.405123751628311	0.00477637863656101
4	0.0141313383208645	0.00374064837905237	0.9380714879468	0.0440565253532835
5	0.00646478394011569	0.00442327322218442	0.767948281728479	0.221163661109221
6	0.005496662740479	0.0239497447978013	0.0844130349430703	0.886140557518649
7	0.0121591746499632	0.831613854089904	0.0298452468680914	0.126381724392041
8	0.776668960770819	0.00550584996558844	0.2143840330351	0.00344115622849277
9	0.00569675723049956	0.657318141980719	0.00525854513584575	0.331726555652936
10	0.0902457757296467	0.0311059907834101	0.866743471582181	0.0119047619047619
11	0.842164179104478	0.125746268656716	0.0287313432835821	0.00335820895522388
12	0.16147931160747	0.82643720248993	0.00219699743683632	0.00988648846576346
13	0.0476585163696643	0.935350186489847	0.00372979693327808	0.0132615002072109
14	0.00568181818181818	0.446678321678322	0.00786713286713287	0.539772727272727
15	0.111074270557029	0.401193633952255	0.140583554376658	0.347148541114058
16	0.216755319148936	0.24645390070922	0.216755319148936	0.320035460992908
