Pos	A	C	G	T
1	0.262268443288918	0.127559311017225	0.323366915827104	0.286805329866753
2	0.708007363092499	0.0441785549930971	0.0570639668660838	0.19075011504832
3	0.422378068218043	0.00015938795027096	0.0191265540325151	0.558335989799171
4	0.172380178716491	0.154833468724614	0.473761169780666	0.199025182778229
5	0.0352446647984479	0.12545807286053	0.176007760293167	0.663289502047855
6	0.473684210526316	0.0178088726347591	0.504849737637144	0.00365717920178089
7	0.00145581598485951	0.0	0.895909157082545	0.102635026932596
8	0.00210458151206087	0.0	0.996276509632508	0.00161890885543144
9	0.0	0.0123363544813696	0.212990936555891	0.774672708962739
10	0.00138210633004699	0.567032157007279	0.000737123376025062	0.430848613286649
11	0.998053843658774	0.0	0.000810898475510866	0.00113525786571521
12	0.0765480253534861	0.126604908174874	0.752153421095401	0.0446936453762392
13	0.00303030303030303	0.0403030303030303	0.0242424242424242	0.932424242424242
14	0.559143274379361	0.000811293201362973	0.439396397858186	0.000649034561090378
15	0.00043308791684712	0.0	0.888407680092392	0.111159231990761
16	0.00048717115946736	0.0	0.999350438454043	0.00016239038648912
17	0.0306108985354268	0.0493468795355588	0.108061749571184	0.811980472357831
18	0.000899685110211426	0.922777028040186	0.0176938071674914	0.0586294796821113
19	0.637323943661972	0.000517812758906379	0.360501242750621	0.00165700082850041
20	0.261293467663308	0.220019499512512	0.284042898927527	0.234644133896653
