Pos	A	C	G	T
1	0.370689655172414	0.125615763546798	0.368226600985222	0.135467980295567
2	0.569066147859922	0.17704280155642	0.220817120622568	0.0330739299610895
3	0.0190156599552573	0.0156599552572707	0.9082774049217	0.0570469798657718
4	0.00767018216682646	0.0182166826462128	0.778523489932886	0.195589645254075
5	0.0619546247818499	0.0828970331588133	0.146596858638743	0.708551483420593
6	0.00350467289719626	0.948598130841122	0.00467289719626168	0.0432242990654206
7	0.823529411764706	0.00811359026369168	0.156186612576065	0.0121703853955375
8	0.00364963503649635	0.537712895377129	0.00851581508515815	0.450121654501217
9	0.0513392857142857	0.0379464285714286	0.90625	0.00446428571428571
10	0.602373887240356	0.208456973293769	0.0719584569732938	0.117210682492582
11	0.198868991517436	0.765315739868049	0.0197926484448633	0.0160226201696513
12	0.099009900990099	0.803960396039604	0.0673267326732673	0.0297029702970297
13	0.032325338894682	0.272158498435871	0.120959332638165	0.574556830031283
14	0.146732429099877	0.340320591861899	0.139334155363748	0.373612823674476
