Pos	A	C	G	T
1	0.345622756144711	0.154377243855289	0.326291079812207	0.173708920187793
2	0.621146565711195	0.0109518658734451	0.358031368307193	0.00987020010816658
3	0.024965150171081	0.00190089975921936	0.917754403751109	0.0553795463185908
4	0.0354830975785183	0.00131862862622872	0.868137137377128	0.0950611364181252
5	0.00428711415972562	0.0438510534051935	0.064796668299853	0.887065164135228
6	0.00116587175410705	0.767567567567568	0.041335453100159	0.189931107578166
7	0.882309941520468	0.000487329434697856	0.113913255360624	0.00328947368421053
8	0.701336432306798	0.015591710245981	0.139647491768352	0.143424365678869
9	0.881772799220748	0.00292219651771582	0.111408742237915	0.00389626202362109
10	0.00474126253047955	0.000270929287455974	0.981034949878082	0.0139528583039827
11	0.0384101130424213	0.00158016287832746	0.880272274219035	0.0797374498602164
12	0.00165035954261464	0.0700223977366498	0.0746198278910763	0.853707414829659
13	0.00187988522805976	0.716533095874147	0.0665875136044326	0.214999505293361
14	0.622378824338261	0.0200240632519766	0.319095909247164	0.0385012031625988
15	0.290389395194698	0.250069041701188	0.203673018503176	0.255868544600939
