Pos	A	C	G	T
1	0.35823884553085	0.135208364011191	0.394875570608158	0.111677219849801
2	0.590159206275958	0.0125749884633133	0.389190124596216	0.00807568066451315
3	0.0090154143677834	0.00346965474091349	0.965701609692281	0.0218133211990217
4	0.013291678500426	0.00119284294234592	0.964385117864243	0.0211303606929849
5	0.000223657356929184	0.0130000838715088	0.0374626072856384	0.949313651485924
6	0.000271399880584053	0.921565434511209	0.0173967323454378	0.0607664332627694
7	0.981756151155058	0.000173475583311649	0.0175210339144765	0.000549339347153555
8	0.843501589825119	0.0056637519872814	0.0834906597774245	0.0673439984101749
9	0.928089212015197	0.0013119413999508	0.0694782299723946	0.00112061661245798
10	0.000382038321382391	0.0	0.997884095450805	0.00173386622781239
11	0.00697567162458204	0.0	0.978784734232676	0.0142395941427418
12	0.000574052812858783	0.0205292220217593	0.0506806626209611	0.928216062544421
13	0.000932365688942647	0.855659711722609	0.0388821691361758	0.104525753452273
14	0.824334822295591	0.00677315983686153	0.151412895707904	0.0174791221596426
15	0.26850242968635	0.279104697393609	0.215932852304521	0.236460020615521
