Pos	A	C	G	T
1	0.491555380989788	0.0559701492537313	0.376276512175962	0.0761979575805185
2	0.733281493001555	0.00816485225505443	0.256609642301711	0.00194401244167963
3	0.00482067103740841	0.00482067103740841	0.981874276899344	0.0084843810258388
4	0.0067062655681165	0.00229929105192566	0.97566583636712	0.0153286070128377
5	0.00227920227920228	0.010636277302944	0.0199430199430199	0.967141500474834
6	0.000738688827331487	0.940350877192982	0.0166204986149584	0.0422899353647276
7	0.987012987012987	0.000581508044194611	0.0114363248691607	0.000969180073657686
8	0.938271604938272	0.00423806891468583	0.0243228302929795	0.033167495854063
9	0.979042491828495	0.0	0.0209575081715055	0.0
10	0.00214341387373344	0.0	0.992205767731878	0.00565081839438815
11	0.00369362363919129	0.000194401244167963	0.989891135303266	0.00622083981337481
12	0.0	0.00860091743119266	0.0181574923547401	0.973241590214067
13	0.000359906424329674	0.916321756343351	0.0178153680043189	0.0655029692280007
14	0.902996985281078	0.00319205532895904	0.0906189040610037	0.00319205532895904
15	0.326394344069128	0.25923016496465	0.17930086410055	0.235074626865672
