Pos	A	C	G	T
1	0.276661514683153	0.156105100463679	0.316846986089645	0.250386398763524
2	0.569041336851363	0.06948109058927	0.104661389621812	0.256816182937555
3	0.458092485549133	0.00144508670520231	0.0635838150289017	0.476878612716763
4	0.188562596599691	0.202472952086553	0.391035548686244	0.217928902627512
5	0.0733229329173167	0.145865834633385	0.27613104524181	0.504680187207488
6	0.414096916299559	0.0323054331864905	0.535976505139501	0.0176211453744493
7	0.021437578814628	0.0	0.815889029003783	0.162673392181589
8	0.0133729569093611	0.00297176820208024	0.961367013372957	0.0222882615156018
9	0.00290135396518375	0.0309477756286267	0.340425531914894	0.625725338491296
10	0.0130368098159509	0.496165644171779	0.00613496932515337	0.484662576687117
11	0.952871870397644	0.0	0.0279823269513991	0.0191458026509573
12	0.143962848297214	0.170278637770898	0.577399380804954	0.108359133126935
13	0.0108564535585042	0.107358262967431	0.101326899879373	0.780458383594692
14	0.48780487804878	0.0106707317073171	0.498475609756098	0.00304878048780488
15	0.0037037037037037	0.0	0.798765432098765	0.197530864197531
16	0.0075642965204236	0.0	0.978819969742814	0.0136157337367625
17	0.0518590998043053	0.12426614481409	0.190802348336595	0.63307240704501
18	0.00352526439482961	0.760282021151586	0.063454759106933	0.172737955346651
19	0.518845228548516	0.0	0.474739374498797	0.00641539695268645
20	0.221362229102167	0.226006191950464	0.286377708978328	0.26625386996904
