Pos	A	C	G	T
1	0.282252316464718	0.131860299358517	0.416250890947969	0.169636493228795
2	0.399350649350649	0.0623376623376623	0.512337662337662	0.025974025974026
3	0.0455075845974329	0.00700116686114352	0.819136522753792	0.128354725787631
4	0.0454545454545455	0.0	0.898847631241997	0.0556978233034571
5	0.0190231362467866	0.0688946015424165	0.190231362467866	0.721850899742931
6	0.00665399239543726	0.667300380228137	0.139733840304183	0.186311787072243
7	0.744038155802862	0.0116587175410705	0.215156332803392	0.0291467938526762
8	0.555819477434679	0.0494853523357086	0.209817893903405	0.184877276326207
9	0.683877252800779	0.025815879201169	0.27520701412567	0.0150998538723819
10	0.0184696569920844	0.00461741424802111	0.926121372031662	0.0507915567282322
11	0.0395794681508967	0.00927643784786642	0.868274582560297	0.08286951144094
12	0.0030241935483871	0.0675403225806452	0.221774193548387	0.707661290322581
13	0.00709499408750493	0.553409538825384	0.225068979109184	0.214426487977927
14	0.542294322132097	0.0270374662031672	0.396292004634994	0.0343762070297412
15	0.226495726495726	0.221509971509972	0.296296296296296	0.255698005698006
