Pos	A	C	G	T
1	0.259850905218317	0.182374866879659	0.450212992545261	0.107561235356763
2	0.696300239552835	0.000266169816342827	0.303433590630822	0.0
3	0.00370468377877745	0.000793860809738026	0.993913733792008	0.00158772161947605
4	0.00034965034965035	0.00034965034965035	0.342657342657343	0.656643356643357
5	0.0443303779748017	0.0258205008554985	0.345621403017577	0.584227718152123
6	0.00308129888599194	0.890258355060441	0.0101919886228964	0.0964683574306708
7	0.537321334039174	0.00582318687136051	0.456855479089465	0.0
8	0.150159744408946	0.243876464323749	0.148828541001065	0.457135250266241
9	0.150159744408946	0.225772097976571	0.23482428115016	0.389243876464324
10	0.232960596379127	0.219914802981896	0.431043663471778	0.116080937167199
11	0.661192052980133	0.00185430463576159	0.333774834437086	0.00317880794701987
12	0.000532197977647685	0.0	0.999467802022352	0.0
13	0.0	0.0	0.310699210864379	0.689300789135621
14	0.0464310464310464	0.0388080388080388	0.264033264033264	0.650727650727651
15	0.0111111111111111	0.851700680272109	0.0142857142857143	0.122902494331066
16	0.483467846914866	0.00468627961468368	0.494402499349128	0.0174433741213226
17	0.184238551650692	0.279286474973376	0.162406815761448	0.374068157614483
