Pos	A	C	G	T
1	0.223473053892216	0.243832335329341	0.199520958083832	0.333173652694611
2	0.360678276810266	0.0279560036663611	0.596012832263978	0.015352887259395
3	0.311212266411116	0.155007187350264	0.206516530905606	0.327264015333014
4	0.00407185628742515	0.21748502994012	0.343233532934132	0.435209580838323
5	0.0199961912016759	0.795086650161874	0.00457055798895448	0.180346600647496
6	0.434843531060252	0.00887435777673984	0.540168145726296	0.0161139654367118
7	0.209341317365269	0.275928143712575	0.305389221556886	0.209341317365269
8	0.00150687511772462	0.210585797702015	0.00150687511772462	0.786400452062535
9	0.00498812351543943	0.627553444180523	0.364133016627078	0.00332541567695962
10	0.807856037151703	0.00212848297213622	0.180921052631579	0.00909442724458204
11	0.463838812301166	0.0237539766702015	0.0907741251325557	0.421633085896076
12	0.000355176700408453	0.256615166045107	0.741431362102646	0.00159829515183804
13	0.000470366886171214	0.981890874882408	0.00141110065851364	0.0162276575729069
14	0.131693198263386	0.00124043828819516	0.863138308869134	0.00392805457928468
15	0.0104166666666667	0.389441287878788	0.000946969696969697	0.599195075757576
16	0.149840383080607	0.000798084596967279	0.833000798084597	0.0163607342378292
17	0.852388730093916	0.00592078399346672	0.0224581461821151	0.119232339730502
18	0.0891967958432561	0.903875297683481	0.00303095908205239	0.00389694739121022
19	0.141642076028467	0.362784238847422	0.361916333969797	0.133657351154313
20	0.341077844311377	0.172455089820359	0.299640718562874	0.186826347305389
