Pos	A	C	G	T
1	0.086269744835966	0.131227217496962	0.179829890643985	0.602673147023086
2	0.670103092783505	0.0389461626575029	0.2737686139748	0.0171821305841924
3	0.00108695652173913	0.0228260869565217	0.895652173913044	0.0804347826086956
4	0.0242214532871972	0.0103806228373702	0.95040369088812	0.0149942329873126
5	0.0378228782287823	0.0922509225092251	0.109778597785978	0.760147601476015
6	0.0	0.944954128440367	0.00688073394495413	0.0481651376146789
7	0.973995271867612	0.00354609929078014	0.0224586288416076	0.0
8	0.00481927710843374	0.333734939759036	0.00240963855421687	0.659036144578313
9	0.0301003344481605	0.0256410256410256	0.918617614269788	0.0256410256410256
10	0.604105571847507	0.19941348973607	0.118035190615836	0.0784457478005865
11	0.0559139784946237	0.886021505376344	0.0408602150537634	0.0172043010752688
12	0.159961685823755	0.789272030651341	0.0373563218390805	0.0134099616858238
13	0.0275862068965517	0.255172413793103	0.0241379310344828	0.693103448275862
14	0.601941747572815	0.16747572815534	0.117718446601942	0.112864077669903
