Pos	A	C	G	T
1	0.272058823529412	0.144914215686275	0.425245098039216	0.157781862745098
2	0.418798665183537	0.0525583982202447	0.488598442714127	0.0400444938820912
3	0.0416345412490362	0.0316114109483423	0.838601901824724	0.0881521459778977
4	0.0340192043895748	0.00740740740740741	0.89519890260631	0.0633744855967078
5	0.00485790624240952	0.0590235608452757	0.143551129463201	0.792567403449113
6	0.00497760079641613	0.812095569935291	0.0724240915878546	0.110502737680438
7	0.873627844712182	0.00829986613119143	0.107898259705489	0.0101740294511379
8	0.627983063895304	0.0427251732101617	0.193418013856813	0.135873749037721
9	0.750114942528736	0.0222988505747126	0.206666666666667	0.0209195402298851
10	0.00354714750221697	0.00650310375406444	0.96452852497783	0.0254212237658883
11	0.0233485193621868	0.00341685649202733	0.929100227790433	0.0441343963553531
12	0.0148971388034996	0.0420903286829038	0.171435327500591	0.771577205013005
13	0.0119823418120664	0.685936514610048	0.143577885221778	0.158503258356107
14	0.619870820668693	0.0300151975683891	0.297872340425532	0.052241641337386
15	0.219908116385911	0.235528330781011	0.288208269525268	0.25635528330781
