Pos	A	C	G	T
1	0.316211878009631	0.124398073836276	0.417335473515249	0.142054574638844
2	0.558375634517767	0.0768672951414068	0.345177664974619	0.0195794053662074
3	0.00928792569659443	0.0	0.964396284829721	0.0263157894736842
4	0.00132450331125828	0.00132450331125828	0.825165562913907	0.172185430463576
5	0.0521356783919598	0.028894472361809	0.136306532663317	0.782663316582915
6	0.00662690523525514	0.82571239231279	0.110006626905235	0.0576540755467197
7	0.839057239057239	0.00404040404040404	0.152861952861953	0.00404040404040404
8	0.663471778487753	0.0713525026624068	0.141107561235357	0.124068157614483
9	0.644593895499224	0.0232798758406622	0.196585618210036	0.135540610450078
10	0.68236582694414	0.0273822562979189	0.279846659364732	0.0104052573932092
11	0.00398406374501992	0.0	0.992828685258964	0.00318725099601594
12	0.0	0.000626174076393237	0.780212899185974	0.219160926737633
13	0.0297699594046008	0.0189445196211096	0.108254397834912	0.843031123139378
14	0.00327439423706614	0.815979043876883	0.0635232481990832	0.117223313686968
15	0.689922480620155	0.00166112956810631	0.302325581395349	0.00609080841638981
16	0.257624398073836	0.230337078651685	0.237560192616372	0.274478330658106
