Pos	A	C	G	T
1	0.00371177752901667	0.235255994815295	0.380722323690567	0.380309903965121
2	0.152553273592591	0.727736569052009	0.0349440466492304	0.0847661107061699
3	0.473464007336084	0.0123223292067859	0.499312242090784	0.0149014213663457
4	0.211441027453753	0.285613290915518	0.277011900553788	0.225933781076941
5	0.00327228105258374	0.218015725128392	0.00731718402036086	0.771394809798664
6	0.00684415057131257	0.614175511861261	0.370338147439244	0.00864219012818282
7	0.787317933017905	0.00125243529084331	0.191622599499026	0.0198070321922256
8	0.454741595584546	0.0367285499247366	0.111590566984446	0.396939287506272
9	0.00110651202819557	0.302487602967092	0.695586246465309	0.000819638539404123
10	0.000116326411911825	0.987204094689699	0.00162856976676554	0.0110510091316233
11	0.179748294744932	0.00110481314247286	0.81530406379095	0.00384282832164473
12	0.00520894299426431	0.352335245230013	0.00140465878497015	0.641051152990753
13	0.190015282730515	0.00277867827536702	0.78604177279674	0.0211642661973788
14	0.828032003122256	0.0072690018538394	0.0292711484047224	0.135427846619182
15	0.119272134155665	0.865130740608594	0.0045873897752179	0.011009735460523
16	0.170659291495506	0.336763330215154	0.353601496725912	0.138975881563428
17	0.314617333411889	0.192541094679786	0.290638072232369	0.202203499675956
