Pos	A	C	G	T
1	0.347252010723861	0.146514745308311	0.351608579088472	0.154624664879357
2	0.621501438660738	0.0136672770075857	0.354172116139158	0.010659168192519
3	0.0183885195999255	0.00428651301484749	0.926818661862459	0.0505063055227682
4	0.0282352941176471	0.00117647058823529	0.923777089783282	0.0468111455108359
5	0.00117139334155364	0.0303329223181258	0.0487053020961776	0.919790382244143
6	0.00158658204895739	0.84536491387126	0.0328649138712602	0.120183590208522
7	0.899927614911328	0.000603209072264447	0.0976595487996139	0.00180962721679334
8	0.739956353536355	0.0144330919551632	0.118093443110802	0.127517111397679
9	0.896790093772541	0.00420774224573215	0.0960567444097139	0.0029454195720125
10	0.0	0.0	0.992086713658731	0.00791328634126879
11	0.0224880982209972	0.000313204710598847	0.934540215484841	0.042658481583563
12	0.00304022450888681	0.0495205799812909	0.0751870907390084	0.872252104770814
13	0.000102422287089671	0.764019050545399	0.066881753469555	0.168996773697957
14	0.671603493292518	0.0111641307283695	0.291978031871793	0.0252543441073197
15	0.257506702412869	0.271514745308311	0.217426273458445	0.253552278820375
