Pos	A	C	G	T
1	0.24981765134938	0.12764405543399	0.459153902261123	0.163384390955507
2	0.423658872077029	0.0340440165061898	0.519601100412655	0.0226960110041265
3	0.0326609029779059	0.0064040986231188	0.878322126160743	0.0826128722382325
4	0.028587135788895	0.00577240241891149	0.753985706432106	0.211654755360088
5	0.00995899238429994	0.0328060925600469	0.15377855887522	0.803456356180434
6	0.0153407845715538	0.601139601139601	0.161078238001315	0.22244137628753
7	0.725085910652921	0.000793021411578113	0.269098598995506	0.00502246893999471
8	0.594366197183099	0.0316359696641387	0.205850487540628	0.168147345612134
9	0.719192448872575	0.0136339800734137	0.261143156790771	0.00603041426324069
10	0.0137034434293746	0.000702740688685875	0.963808854532677	0.0217849613492621
11	0.0112391121101433	0.00365271143579657	0.770722112953077	0.214386063500983
12	0.0146041506533436	0.0479118626697412	0.234691263130925	0.70279272354599
13	0.0399606299212598	0.53996062992126	0.150393700787402	0.269685039370079
14	0.510705641407559	0.0182461366598399	0.444237572146714	0.0268106497858872
15	0.215900802334063	0.235959153902261	0.276805251641138	0.271334792122538
