Pos	A	C	G	T
1	0.519203413940256	0.058321479374111	0.334850640113798	0.087624466571835
2	0.711986681465039	0.00887902330743618	0.263318534961154	0.0158157602663707
3	0.013259082471493	0.0198886237072395	0.932113497745956	0.0347387960753116
4	0.012636899747262	0.0002808199943836	0.987082280258354	0.0
5	0.0	0.0	0.0263157894736842	0.973684210526316
6	0.00331217223295611	0.970190449903395	0.00414021529119514	0.0223571625724538
7	0.961433260393873	0.0142231947483589	0.0243435448577681	0.0
8	0.281569965870307	0.244027303754266	0.243174061433447	0.23122866894198
9	0.00111856823266219	0.291107382550336	0.0162192393736018	0.6915548098434
10	0.0454303931987248	0.0154091392136026	0.93384697130712	0.0053134962805526
11	0.911566390041494	0.0601659751037344	0.0225622406639004	0.00570539419087137
12	0.0180983252296056	0.949486763911399	0.0121555915721232	0.020259319286872
13	0.0882061446977205	0.870911793855302	0.02998017839445	0.0109018830525273
14	0.0215317525211229	0.285908967020987	0.0204415372035977	0.672117743254293
15	0.0887877063175868	0.361696072851451	0.0796812749003984	0.469834945930563
