Pos	A	C	G	T
1	0.291970802919708	0.165797705943691	0.389989572471324	0.152241918665276
2	0.456414473684211	0.157072368421053	0.330592105263158	0.0559210526315789
3	0.0365217391304348	0.0226086956521739	0.83304347826087	0.107826086956522
4	0.00866551126516464	0.0103986135181976	0.830155979202773	0.150779896013865
5	0.0589005235602094	0.0739528795811518	0.240183246073298	0.62696335078534
6	0.0404040404040404	0.744366744366744	0.125097125097125	0.0901320901320901
7	0.753737214791503	0.003933910306845	0.234461054287962	0.00786782061369001
8	0.336116910229645	0.241127348643006	0.191022964509395	0.231732776617954
9	0.29362591431557	0.149425287356322	0.414838035527691	0.142110762800418
10	0.416523235800344	0.141996557659208	0.407917383820998	0.0335628227194492
11	0.0177238805970149	0.0139925373134328	0.89365671641791	0.0746268656716418
12	0.002601908065915	0.00173460537727667	0.830875975715525	0.164787510841284
13	0.0742671009771987	0.0736156351791531	0.228013029315961	0.624104234527687
14	0.020532319391635	0.72851711026616	0.151330798479087	0.0996197718631179
15	0.783319705641864	0.00817661488143908	0.197056418642682	0.0114472608340147
16	0.200417536534447	0.335073068893528	0.267223382045929	0.197286012526096
