Pos	A	C	G	T
1	0.298061389337641	0.165993537964459	0.243941841680129	0.292003231017771
2	0.722049151955694	0.0688819660782278	0.0740740740740741	0.134994807892004
3	0.502623294858342	0.037425673312347	0.0965372507869885	0.363413781042322
4	0.166060606060606	0.28040404040404	0.317575757575758	0.235959595959596
5	0.0533333333333333	0.129292929292929	0.19030303030303	0.627070707070707
6	0.589874411302983	0.0270800627943485	0.381868131868132	0.00117739403453689
7	0.00651937703730532	0.00108656283955089	0.896776530242666	0.0956175298804781
8	0.012185534591195	0.00157232704402516	0.973270440251572	0.0129716981132075
9	0.00818713450292398	0.0485380116959064	0.219298245614035	0.723976608187134
10	0.0436363636363636	0.643116883116883	0.00805194805194805	0.305194805194805
11	0.984884645982498	0.0	0.0115354017501989	0.0035799522673031
12	0.139741518578352	0.251211631663974	0.477382875605816	0.131663974151858
13	0.039983844911147	0.100565428109855	0.108642972536349	0.750807754442649
14	0.645619573796369	0.0197316495659037	0.331491712707182	0.00315706393054459
15	0.00252161383285303	0.00720461095100865	0.89193083573487	0.098342939481268
16	0.0161290322580645	0.003147128245476	0.974036191974823	0.00668764752163651
17	0.0572323462414579	0.0580865603644647	0.179669703872437	0.70501138952164
18	0.00581395348837209	0.899709302325581	0.0203488372093023	0.0741279069767442
19	0.863620509243111	0.00313916986396931	0.118590861527729	0.0146494593651901
20	0.253634894991922	0.287964458804523	0.233037156704362	0.225363489499192
