Pos	A	C	G	T
1	0.318917134367778	0.14130075932651	0.212941564872895	0.326840541432816
2	0.771765998352101	0.0689371051908816	0.0458665201867619	0.113430376270255
3	0.553171347428211	0.0299779110129378	0.0265067844745977	0.390343957084254
4	0.142621327170683	0.3618355893034	0.298118190822053	0.197424892703863
5	0.0533070088845015	0.128084896347483	0.188548864758144	0.630059230009872
6	0.702960526315789	0.00460526315789474	0.291118421052632	0.00131578947368421
7	0.00189095493224078	0.000630318310746927	0.933186259060826	0.0642924676961866
8	0.0166666666666667	0.0105769230769231	0.966987179487179	0.00576923076923077
9	0.0504484304932735	0.0767937219730942	0.0969730941704036	0.775784753363229
10	0.00160668380462725	0.959511568123393	0.0	0.0388817480719794
11	0.808156232050546	0.00402067777139575	0.182653647329121	0.00516944284893739
12	0.000658327847267939	0.503620803159974	0.00296247531270573	0.492758393680053
13	0.0370728562217924	0.00290135396518375	0.960025789813024	0.0
14	0.724492557510149	0.148037889039242	0.0795669824086603	0.0479025710419486
15	0.0146636914249283	0.959196684730634	0.0111571565189672	0.0149824673254702
16	0.0421553090332805	0.952773375594295	0.00285261489698891	0.00221870047543582
17	0.00456769983686786	0.294942903752039	0.00619902120717781	0.694290375203915
18	0.664905660377359	0.18314465408805	0.108176100628931	0.0437735849056604
19	0.190224570673712	0.360634081902246	0.32001321003963	0.129128137384412
20	0.402197802197802	0.0313971742543171	0.0282574568288854	0.538147566718995
21	0.115395207931699	0.0592123381988433	0.0523271825943266	0.773065271275131
22	0.372400132056784	0.223175965665236	0.135688345988775	0.268735556289204
