Pos	A	C	G	T
1	0.305408397248359	0.150272791966474	0.431327587570175	0.112991223214992
2	0.475751901249666	0.02526082470287	0.49092368250086	0.0080635915466045
3	0.0323505176799341	0.0126822627449575	0.906208576648873	0.0487586429262351
4	0.0195380141797628	0.00111085699349822	0.826444930898161	0.152906197928578
5	0.00120845921450151	0.0132219655233695	0.0865114625910787	0.89905811267105
6	0.0141980157691077	0.735940182130284	0.115446161007826	0.134415641092782
7	0.970272343690065	0.000230149597238205	0.0294975067126966	0.0
8	0.835149234020074	0.0094756999471738	0.0923798203909139	0.0629952456418384
9	0.840170060118909	0.00205932175241638	0.157205965390109	0.000564652738565782
10	0.00521827173955372	0.00159663538299778	0.985046146656801	0.00813894622064722
11	0.00805097810819144	0.000205556887868718	0.866593579773202	0.125149885230738
12	0.00119578215023372	0.0105446244156974	0.0716744573685546	0.916585136065514
13	0.0219418706425618	0.763438263966438	0.0795883258382881	0.135031539552712
14	0.825878281311219	0.0052892777850333	0.161355622306386	0.00747681859736189
15	0.276881720430108	0.268698608475648	0.184179316888046	0.270240354206199
