Pos	A	C	G	T
1	0.252459803215743	0.215022798176146	0.369090472762179	0.163426925845932
2	0.13044846577498	0.0816679779701023	0.655704169944925	0.132179386309992
3	0.207293666026871	0.252879078694818	0.226247600767754	0.313579654510557
4	0.812122393295654	0.0274800233872539	0.106022217891249	0.0543753654258429
5	0.00379803395889187	0.930965147453083	0.0214477211796247	0.0437890974084004
6	0.480264517462286	0.0419508162843563	0.380863814837776	0.0969208514155817
7	0.14306289006241	0.341094575132021	0.216034565530485	0.299807969275084
8	0.234701223902088	0.271658267338613	0.26661867050636	0.22702183825294
9	0.310220729366603	0.208253358925144	0.332773512476008	0.148752399232246
10	0.109057676685621	0.383834281072299	0.0446791226645004	0.462428919577579
11	0.0487144790257104	0.0115020297699594	0.93978349120433	0.0
12	0.0574237954768928	0.0888888888888889	0.0342182890855457	0.819469026548673
13	0.338132949364051	0.215502759779218	0.244540436765059	0.201823854091673
14	0.153296266878475	0.661953931691819	0.0630659253375695	0.121683876092137
15	0.199856046065259	0.344769673704415	0.224088291746641	0.231285988483685
