Pos	A	C	G	T
1	0.342131979695431	0.10253807106599	0.462944162436548	0.0923857868020305
2	0.601570166830226	0.0294406280667321	0.366045142296369	0.00294406280667321
3	0.0359778597785978	0.0156826568265683	0.908671586715867	0.0396678966789668
4	0.0190555095277548	0.00745650372825186	0.816072908036454	0.157415078707539
5	0.013170272812794	0.0235183443085607	0.0366886171213547	0.926622765757291
6	0.00553505535055351	0.908671586715867	0.0193726937269373	0.0664206642066421
7	0.724797645327447	0.0	0.266372332597498	0.00883002207505519
8	0.00602409638554217	0.682730923694779	0.00401606425702811	0.307228915662651
9	0.0486641221374046	0.0066793893129771	0.939885496183206	0.00477099236641221
10	0.903669724770642	0.0669724770642202	0.0284403669724771	0.000917431192660551
11	0.139378673383711	0.82703610411419	0.0167926112510495	0.0167926112510495
12	0.0507848568790397	0.909510618651893	0.0193905817174515	0.0203139427516159
13	0.0148514851485149	0.485148514851485	0.0099009900990099	0.49009900990099
14	0.10253807106599	0.474111675126904	0.0883248730964467	0.33502538071066
