Pos	A	C	G	T
1	0.54208974778906	0.0533901080904029	0.301834261382247	0.10268588273829
2	0.0247973295183596	0.576219996820855	0.00476871721506915	0.394213956445716
3	0.0	0.0021248774109186	0.997875122589081	0.0
4	0.0	0.0032605151613955	0.995272253015977	0.00146723182262798
5	0.988984286408553	0.00388789891462822	0.00453588206706626	0.00259193260975215
6	0.991554328406692	0.00341075198960533	0.00194900113691733	0.00308591846678577
7	0.820674821884662	0.088587175695658	0.0149213603979029	0.0758166420217771
8	0.383456183456183	0.299262899262899	0.167076167076167	0.15020475020475
9	0.373464373464373	0.142506142506143	0.118755118755119	0.365274365274365
10	0.231122031122031	0.245372645372645	0.244389844389844	0.279115479115479
11	0.237510237510238	0.261752661752662	0.271908271908272	0.228828828828829
12	0.275511875511876	0.244881244881245	0.24963144963145	0.22997542997543
13	0.365929565929566	0.113677313677314	0.14037674037674	0.38001638001638
14	0.144307944307944	0.165601965601966	0.301719901719902	0.388370188370188
15	0.0735492577597841	0.0140350877192982	0.0885290148448043	0.823886639676113
16	0.000815261699005381	0.00130441871840861	0.00244578509701614	0.99543453448557
17	0.00612903225806452	0.00516129032258065	0.00403225806451613	0.984677419354839
18	0.00388978930307942	0.989465153970827	0.00486223662884927	0.00178282009724473
19	0.0022845953002611	0.996246736292428	0.00114229765013055	0.000326370757180157
20	0.396139119336311	0.00542437779195916	0.577855775366943	0.0205807275047862
21	0.100737100737101	0.283701883701884	0.0581490581490582	0.557411957411957
