Pos	A	C	G	T
1	0.276132596685083	0.133480662983425	0.45767955801105	0.132707182320442
2	0.468461621973727	0.0118336771251764	0.514059276951471	0.00564542394962545
3	0.00962148445760203	0.00454641573271305	0.956861915838444	0.0289701839712413
4	0.0220408163265306	0.00102040816326531	0.923469387755102	0.053469387755102
5	0.00205942924389526	0.0330489359615573	0.077375698734922	0.887515936059625
6	0.00167740796327359	0.798975898296107	0.0422000529707778	0.157146640769842
7	0.950131233595801	0.0005249343832021	0.0459842519685039	0.00335958005249344
8	0.693539734845582	0.0147904053950494	0.175109203770404	0.116560655988965
9	0.846348078181988	0.00289909286449079	0.148227812587674	0.00252501636584682
10	0.00262037340320996	0.000327546675401245	0.988099137460421	0.00895294246096735
11	0.0121875	0.0009375	0.942708333333333	0.0441666666666667
12	0.00123269486061066	0.0535748150957709	0.0870472216954295	0.858145268348189
13	0.00051076870690389	0.770409466246701	0.069719928492381	0.159359836554014
14	0.705158173601371	0.0218170484650148	0.239052516752376	0.0339722611812373
15	0.249944751381215	0.244972375690608	0.263425414364641	0.241657458563536
