Pos	A	C	G	T
1	0.504211443508568	0.0819053151321522	0.289863491141446	0.124019750217833
2	0.730646871686108	0.0729056203605514	0.182131495227996	0.0143160127253446
3	0.0132816823464305	0.00498063087991146	0.952407304925291	0.0293303818483675
4	0.00269299820466786	0.00112208258527828	0.772441651705566	0.223743267504488
5	0.0504286434694907	0.032274331820474	0.0494200706001009	0.867876954109934
6	0.00334168755221387	0.958507379560011	0.0128098022834865	0.0253411306042885
7	0.972866026003392	0.0036743923120407	0.0141322781232335	0.00932730356133409
8	0.00633458105384394	0.240426144543622	0.00259141952202707	0.750647854880507
9	0.0407830342577488	0.0157694399129962	0.935834692767809	0.00761283306144644
10	0.781917310313494	0.0733757383007724	0.0665606542480691	0.0781462971376647
11	0.240147249891728	0.745344304893893	0.00606323083585968	0.00844521437851884
12	0.0416444207154298	0.91884676988788	0.00987720234917245	0.0296316070475174
13	0.0278207109737249	0.175425038639876	0.0855229263266358	0.711231324059763
14	0.139163277164439	0.284137129575828	0.0859965136548518	0.490703079604881
