Pos	A	C	G	T
1	0.280690876882197	0.0966784765279008	0.262046058458813	0.360584588131089
2	0.817328660436137	0.0408489096573209	0.0376168224299065	0.104205607476636
3	0.544116381165533	0.00933976069553241	0.0275458379960403	0.418998020142894
4	0.122403790797573	0.214428058987644	0.450732917054161	0.212435233160622
5	0.0203494884624001	0.0636994996639534	0.165932342618176	0.75001866925547
6	0.60339792938678	0.00203521812229006	0.394389877002035	0.000176975488894788
7	0.00134905783541494	0.000217589973454023	0.970755907567779	0.0276774446233518
8	0.00181111405601202	0.000706776216980299	0.995185087021822	0.00229702270518597
9	0.00129274395329441	0.0244787322768974	0.0927022518765638	0.881526271893244
10	0.00797099082029336	0.554343209957205	0.000163339975825684	0.437522459246676
11	0.986164017689041	0.000218923770743027	0.00735583869696572	0.00626121984325058
12	0.0785242924841667	0.14385048053501	0.718809513264538	0.058815713716285
13	0.0098673435964625	0.0395512610547003	0.0543727481166066	0.896208647232231
14	0.684582431656583	0.0014574040542331	0.312105286401979	0.00185487788720576
15	0.00146110872367856	0.0015040825096691	0.960893854748603	0.036140954018049
16	0.0045090399684805	0.00297684192093858	0.987917523967955	0.00459659414262575
17	0.0352101631116688	0.0391311166875784	0.0811245294855709	0.844534190715182
18	0.00201035116985329	0.956371102271269	0.00615937379699731	0.0354591727618803
19	0.745794188332969	0.000473381399752385	0.250892141868764	0.00284028839851431
20	0.231586872757872	0.294610035874042	0.244873555073298	0.228929536294787
