Pos	A	C	G	T
1	0.274298711144807	0.131008339651251	0.302805155420773	0.291887793783169
2	0.675302068400573	0.0673766127380709	0.0451566659840262	0.21216465287733
3	0.461072536563746	0.00192052001772788	0.0239326340670705	0.513074309351455
4	0.17877179681577	0.219105382865807	0.413495072024261	0.188627748294162
5	0.0341165111039588	0.0909773629438901	0.167364016736402	0.707542109215749
6	0.462121212121212	0.0511720983419097	0.480560320182962	0.00614636935391652
7	0.00218102508178844	0.000272628135223555	0.898991275899673	0.0985550708833152
8	0.00765995794532893	0.0	0.990537699008711	0.00180234304595975
9	0.0	0.0243844696969697	0.194957386363636	0.780658143939394
10	0.0	0.608394833948339	0.00018450184501845	0.391420664206642
11	0.998334847108689	0.000302755071147442	0.000302755071147442	0.00105964274901605
12	0.0947687642153146	0.188172858225929	0.671417740712661	0.0456406368460955
13	0.00287976961843053	0.0168466522678186	0.0306695464362851	0.949604031677466
14	0.533970434522921	0.0137374944004778	0.450649544572197	0.00164252650440496
15	0.0	0.0	0.855604566683965	0.144395433316035
16	0.00121047057043426	0.0	0.99788167650174	0.000907852927825692
17	0.0268363361471589	0.0540506488597707	0.0881945319390198	0.830918483054051
18	0.000142267747901551	0.938255797410727	0.012661829563238	0.0489401052781334
19	0.875132696390658	0.000530785562632696	0.121682590233546	0.00265392781316348
20	0.253828658074299	0.232297194844579	0.274298711144807	0.239575435936315
