Pos	A	C	G	T
1	0.291545189504373	0.13265306122449	0.220481049562682	0.355320699708455
2	0.75089928057554	0.0815347721822542	0.0545563549160671	0.113009592326139
3	0.519631273472175	0.0297029702970297	0.0488221235916695	0.401843632639126
4	0.139941690962099	0.363702623906706	0.307215743440233	0.189139941690962
5	0.0655414908579466	0.108860759493671	0.176090014064698	0.649507735583685
6	0.68086642599278	0.0169675090252708	0.302166064981949	0.0
7	0.00106420716566158	0.0	0.959914863426747	0.0390209294075913
8	0.0106913756236636	0.00855310049893086	0.972202423378475	0.00855310049893086
9	0.0422313268200441	0.0813110620863536	0.082256539552474	0.794201071541128
10	0.0014099400775467	0.954529432499119	0.00246739513570673	0.0415932322876278
11	0.956016889514426	0.000703729767769177	0.0351864883884588	0.00809289232934553
12	0.00687409551374819	0.274963820549928	0.00253256150506512	0.715629522431259
13	0.0321782178217822	0.00565770862800566	0.961103253182461	0.00106082036775106
14	0.737918766676549	0.112659353691076	0.0913133708864512	0.0581085087459235
15	0.0101256983240223	0.95391061452514	0.00768156424581006	0.0282821229050279
16	0.0488145048814505	0.941422594142259	0.00348675034867503	0.00627615062761506
17	0.00144300144300144	0.296897546897547	0.0133477633477633	0.688311688311688
18	0.67063829787234	0.172198581560284	0.105815602836879	0.0513475177304965
19	0.171709806780897	0.325191396281444	0.34998177178272	0.15311702515494
20	0.38280725319006	0.0597716588314305	0.0366017461383479	0.520819341840161
21	0.118558236520703	0.0592791182603515	0.0726839439976169	0.749478701221329
22	0.371720116618076	0.197886297376093	0.127186588921283	0.303206997084548
