Pos	A	C	G	T
1	0.496228347923263	0.159247532128888	0.183600298007078	0.160923821940771
2	0.967762440973484	0.000181620050853614	0.000363240101707228	0.0316926988739557
3	0.000367174591518267	0.978244905452543	0.00642555535156967	0.0149623646043694
4	0.999624800675359	9.37998311603039e-05	0.000281399493480912	0.0
5	0.960609338381107	0.0172165134306833	0.0216333153055706	0.000540832882639265
6	0.178228782287823	0.00981549815498155	0.0254612546125461	0.786494464944649
7	0.272121610209252	0.0824809984048044	0.57117387632542	0.0742235150605236
8	0.275243993993994	0.229917417417417	0.399587087087087	0.0952515015015015
9	0.281317443933565	0.25795251947077	0.24913202589847	0.211598010697194
10	0.2146945669513	0.237402646148072	0.253260767570611	0.294642019330018
11	0.0913014919771043	0.39851740639955	0.236745800882049	0.273435300741297
12	0.0747865252885427	0.56648212442526	0.0833255137468331	0.275405836539364
13	0.79216531628633	0.0225971902177953	0.00899427636958299	0.176243217126292
14	0.0	0.0220196733146828	0.0162440212977168	0.9617363053876
15	9.37734433608402e-05	0.000375093773443361	0.00018754688672168	0.999343585896474
16	0.0145898329968802	0.00743255643237291	0.977885850614792	9.17599559552211e-05
17	0.030641934897254	0.000181851245681033	0.000181851245681033	0.968994362611384
18	0.159695460099633	0.187235642447598	0.152222953285083	0.500845944167685
