Pos	A	C	G	T
1	0.184051036682616	0.255757575757576	0.339393939393939	0.220797448165869
2	0.121782441732254	0.199422075206266	0.0828485608912209	0.59594692217026
3	0.00933419661163267	0.0193158519477717	0.125660947447934	0.845689003992662
4	0.0	0.0	0.999808636856541	0.00019136314345857
5	0.0	0.00012758356723654	0.999872416432763	0.0
6	0.196299550868971	0.765182581527046	0.0214313610622925	0.0170865065416911
7	0.31030303030303	0.17103668261563	0.302838915470494	0.215821371610845
8	0.188006379585327	0.311132376395534	0.250143540669856	0.250717703349282
9	0.197396963123644	0.262791884649738	0.32640040831951	0.213410743907107
10	0.211802232854864	0.178500797448166	0.393939393939394	0.215757575757576
11	0.111244019138756	0.154385964912281	0.109409888357257	0.624960127591706
12	0.00282326369282891	0.000169395821569735	0.885036702428007	0.111970638057595
13	0.0	0.99993620414673	0.0	6.37958532695375e-05
14	0.0	0.999808636856541	6.378771448619e-05	0.00012757542897238
15	0.847014320453931	0.127857335855174	0.0161577951904891	0.0089705485004053
16	0.408381863560732	0.074615224625624	0.406665973377704	0.11033693843594
17	0.192280701754386	0.279617224880383	0.325677830940989	0.202424242424242
