Pos	A	C	G	T
1	0.0882942295497781	0.405960684844642	0.291084337349398	0.214660748256183
2	0.0300615895982012	0.0109737022191808	0.951241568090722	0.00772314009189559
3	0.0125207458752319	0.0181831494679293	0.0197451918383286	0.94955091281851
4	0.140772313010685	0.118734286612194	0.0131010370835952	0.727392363293526
5	0.241325975290725	0.0151998319616567	0.65584601577269	0.0876281769749279
6	0.0303801133308516	0.714108450179923	0.0591264424866609	0.196384994002564
7	0.00822777174568706	0.288382193268187	0.0615755820967547	0.641814452889371
8	0.70929848563476	0.0225975373873661	0.187691654479407	0.0804123224984668
9	0.185973367152822	0.183208623969562	0.260266328471782	0.370551680405834
10	0.0805072923272036	0.132580849714648	0.75292327203551	0.0339885859226379
11	0.0204946100190235	0.564083703233989	0.243830057070387	0.171591629676601
12	0.0402553862840803	0.0	0.958092984272544	0.00165162944337623
13	0.0032220711876353	0.00347379549916931	0.00339827820570911	0.989905855107486
14	0.0786051354764384	0.0693222854864081	0.00252564415003212	0.849546934887121
15	0.204751593397614	0.0108269325053113	0.71222830527864	0.0721931688184344
16	0.0121653440306968	0.765435597802389	0.0291706636434987	0.193228394523415
17	0.0137899717986712	0.351608431719325	0.0748769179293533	0.55972467855265
18	0.633597332221759	0.0460840164883516	0.235213746468436	0.0851049048214534
19	0.172762784090909	0.17093648538961	0.298168628246753	0.358132102272727
