Pos	A	C	G	T
1	0.13408614510785	0.389681520048685	0.277841639056055	0.19839069578741
2	0.0138592750533049	0.000133262260127932	0.985407782515991	0.000599680170575693
3	0.000804559168622192	0.0054307743881998	0.00221253771371103	0.991552128729467
4	0.0248306997742664	0.0965902340501366	5.94035879767138e-05	0.87851966258762
5	0.301427835430927	0.0317214984912048	0.544233458452933	0.122617207624936
6	0.000662882711190289	0.612710775987074	0.0372871525044537	0.349339188797282
7	0.0	0.727339792455614	0.000983622682339055	0.271676584862047
8	0.962136490794353	0.003252878797736	0.0145728970138573	0.0200377333940537
9	0.0247971145175834	0.0184851217312894	0.00418652582764395	0.952531237923483
10	0.272798703530914	0.000933064872562982	0.726268231596523	0.0
11	0.346192135390742	0.0399867263978762	0.613447818151651	0.00037332005973121
12	0.119234810332959	0.535813919785515	0.031194521937611	0.313756747943915
13	0.874571259609698	0.00106445890005914	0.0999408633944412	0.0244234180958013
14	0.991485652990078	0.00107267363904532	0.00683829444891392	0.000603378921962993
15	0.000199401794616152	0.982984380192755	6.64672648720505e-05	0.0167497507477567
16	0.201298262221922	0.277030225167354	0.385489214957063	0.136182297653661
