Pos	A	C	G	T
1	0.0950528071150639	0.217342968315731	0.269594219010561	0.418010005558644
2	0.0880764437058579	0.164520149563772	0.284171167428334	0.463232239302036
3	0.747093023255814	0.0577242524916944	0.151578073089701	0.0436046511627907
4	0.00969305331179321	0.968766828217555	0.00592353257942919	0.0156165858912224
5	0.0120087336244541	0.00545851528384279	0.981986899563319	0.000545851528384279
6	0.00271423032183017	0.284994183792168	0.0147343931756495	0.697557192710353
7	0.751148225469729	0.0843423799582464	0.122755741127349	0.0417536534446764
8	0.335186214563646	0.459699833240689	0.135075041689828	0.0700389105058366
9	0.145636464702613	0.251806559199555	0.513062812673708	0.0894941634241245
10	0.0611790878754171	0.271412680756396	0.35817575083426	0.309232480533927
11	0.171857619577308	0.28587319243604	0.221913236929922	0.32035595105673
12	0.752719665271967	0.0209205020920502	0.210460251046025	0.0158995815899582
13	0.00109170305676856	0.981986899563319	0.00709606986899563	0.00982532751091703
14	0.0175531914893617	0.0111702127659574	0.956914893617021	0.0143617021276596
15	0.0186656076250993	0.219221604447975	0.0476568705321684	0.714455917394758
16	0.489405052974735	0.243276283618582	0.154034229828851	0.113284433577832
17	0.454949944382647	0.269187986651835	0.218576195773081	0.057285873192436
