Pos	A	C	G	T
1	0.0124859392575928	0.0688413948256468	0.280202474690664	0.638470191226097
2	0.0568044961862706	0.0509835407466881	0.211160176635889	0.681051786431152
3	0.880721220527046	0.00326926887259758	0.106796116504854	0.00921339409550228
4	0.000867020700119215	0.963476753007478	0.00119215346266392	0.0344640728297388
5	0.00346059388256307	0.0018977450323733	0.992409019870507	0.00223264121455682
6	0.00176730486008837	0.123514972999509	0.00186548846342661	0.872852233676976
7	0.750464291744049	0.156255276042546	0.061793010298835	0.0314874219145703
8	0.665279496119672	0.284444944325723	0.0294680013496795	0.0208075582049263
9	0.276377952755905	0.225084364454443	0.20933633295838	0.289201349831271
10	0.0201349831271091	0.0283464566929134	0.316085489313836	0.635433070866142
11	0.0318390219052471	0.0601969774155205	0.153166921378842	0.754797079300391
12	0.87328094302554	0.00343811394891945	0.121905697445972	0.00137524557956778
13	0.00223563603845294	0.993740219092332	0.00111781801922647	0.00290632684998882
14	0.0358147587102359	0.000757411815624324	0.961913005842891	0.00151482363124865
15	0.00971451229183188	0.106859635210151	0.00218080888183981	0.881245043616178
16	0.700328980161499	0.186023327684179	0.0576213737414017	0.0560263184129199
17	0.646681664791901	0.2822272215973	0.0581552305961755	0.0129358830146232
