Pos	A	C	G	T
1	0.359183069409501	0.230131715258251	0.180701494746189	0.229983720586059
2	0.106690546245363	0.339772291160292	0.0827683254445439	0.470768837149802
3	0.424980361351139	0.0899450117831893	0.42445666404818	0.0606179628174915
4	0.201315002988643	0.147041243275553	0.574178123132098	0.0774656306037059
5	0.0607783121993878	0.667468299081767	0.0361827721906428	0.235570616528203
6	0.703666102650874	0.0377890580936266	0.127241962774958	0.131302876480541
7	0.810754532092112	0.0701861832435081	0.0546300832925037	0.0644292013718765
8	0.0154753131908622	0.814541881601572	0.135961680176861	0.034021125030705
9	0.0842791911285062	0.428180039138943	0.405088062622309	0.0824527071102414
10	0.0153413449245717	0.122730759396574	0.855279979544873	0.00664791613398108
11	0.048864236661384	0.0291864764923402	0.03486529318542	0.887083993660856
12	0.0949741781080741	0.0709157324600076	0.01410757022295	0.820002519208968
13	0.277060575968222	0.0247158777446762	0.660046342270771	0.0381772040163301
14	0.0678391959798995	0.731955230698949	0.173937871174052	0.0262677021470991
15	0.0260011123470523	0.436318131256952	0.0510289210233593	0.486651835372636
16	0.742616548694166	0.0787161337564071	0.0447888699048084	0.133878447644618
17	0.210035523978686	0.168738898756661	0.189313203078745	0.431912374185909
