Pos	A	C	G	T
1	0.692409434932765	0.0218237930781101	0.120361525461092	0.165405246528033
2	0.0559051955008034	0.85270487412962	0.0178762720942689	0.073513658275308
3	0.886537126995142	0.0505204718945177	0.0466342817487856	0.0163081193615545
4	0.117548706019192	0.000508868857225938	0.00116312881651643	0.880779296307066
5	0.000701809107922645	0.995945102932002	7.79787897691828e-05	0.00327510917030568
6	0.000954268516479483	0.0615136166776775	0.937458709535345	7.34052704984218e-05
7	0.393048335790209	0.00131895414694701	0.59034835906587	0.0152843509969742
8	7.82411391909866e-05	7.82411391909866e-05	0.999843517721618	0.0
9	0.236255010209483	0.092187854495954	0.65189442637828	0.0196627089162822
10	0.00447246865605983	0.935992374807537	0.0576288584207053	0.00190629811569763
11	0.00420364315740308	0.000622761949244901	0.993928070994862	0.0012455238984898
12	0.041894752207868	0.922487409678126	0.0316035325888621	0.00401430552514415
13	0.0964576191436445	0.0443637830207703	0.118706728507091	0.740471869328494
14	0.066110138683183	0.0168978053049684	0.859566446748351	0.057425609263498
15	0.559991095941233	0.0258217704236848	0.0617348074497292	0.352452326185353
