Pos	A	C	G	T
1	0.217	0.612	0.091	0.079
2	0.333	0.118	0.369	0.18
3	0.02	0.172	0.148	0.661
4	0.008	0.003	0.001	0.988
5	0.001	0.923	0.001	0.075
6	0.167	0.548	0.067	0.217
7	0.35	0.12	0.348	0.182
8	0.153	0.075	0.569	0.203
9	0.317	0.055	0.29	0.338
10	0.192	0.084	0.468	0.256
11	0.025	0.47	0.414	0.091
12	0.027	0.958	0.012	0.003
13	0.003	0.02	0.001	0.975
14	0.001	0.81	0.001	0.188
15	0.045	0.713	0.039	0.202
16	0.432	0.196	0.173	0.2
17	0.227	0.244	0.127	0.402
