Pos	A	C	G	T
1	0.154	0.448	0.159	0.239
2	0.145	0.406	0.264	0.184
3	0.175	0.421	0.215	0.189
4	0.316	0.203	0.204	0.276
5	0.395	0.363	0.099	0.143
6	0.118	0.339	0.196	0.348
7	0.465	0.181	0.179	0.175
8	0.162	0.251	0.507	0.08
9	0.025	0.771	0.053	0.151
10	0.081	0.134	0.643	0.143
11	0.054	0.803	0.109	0.034
12	0.018	0.927	0.04	0.015
13	0.124	0.665	0.154	0.057
14	0.043	0.803	0.019	0.136
15	0.088	0.779	0.07	0.063
16	0.179	0.154	0.04	0.628
17	0.372	0.106	0.21	0.312
