Pos	A	C	G	T
1	0.343796509268029	0.108239751048573	0.332160736030307	0.215803003653092
2	0.547389987528951	0.050864065562088	0.27659005879209	0.125155888116872
3	0.144333807491702	0.113798008534851	0.632337600758653	0.109530583214794
4	0.00951188986232791	0.0312891113892365	0.914518147684606	0.0446808510638298
5	0.00272547076313181	0.124752229930624	0.00210604558969277	0.870416253716551
6	0.0	0.00013531799729364	0.999864682002706	0.0
7	0.0855557926178792	0.103584382334116	0.052912310646469	0.757947514401536
8	0.0748893805309735	0.149446902654867	0.438384955752212	0.337278761061947
9	0.897713149391002	0.00410141685309471	0.0631369624658215	0.035048471290082
10	0.332903087017317	0.063568893191352	0.407550822846079	0.195977196945251
11	0.161057475412794	0.15591446359289	0.594333664170351	0.0886943968239646
12	0.00622651637144391	0.105743424584004	0.756951154052603	0.131078904991948
13	0.0105855554066729	0.279780249229532	0.00361784805038188	0.706016347313413
14	0.00349321510143759	0.00120918984280532	0.992744860943168	0.00255273411258901
15	0.0767562879444926	0.114158716392021	0.0566999132697311	0.752385082393755
16	0.105970781283083	0.158797374550074	0.530912555579081	0.204319288587762
17	0.862992315081652	0.0106868395773295	0.0737271853986551	0.0525936599423631
18	0.351014884979702	0.15426251691475	0.185791610284168	0.30893098782138
