Pos	A	C	G	T
1	0.152310536044362	0.0975970425138632	0.162661737523105	0.587430683918669
2	0.00844109195402299	0.0107758620689655	0.0118534482758621	0.968929597701149
3	0.187527512839325	0.691709464416728	0.1006603081438	0.0201027146001467
4	0.675829653895456	0.0142429853297251	0.285286996154394	0.0246403646204244
5	0.00492610837438424	0.987228607918263	0.00109469074986316	0.00675059295748951
6	0.933740191804708	0.000697471665213601	0.0636442894507411	0.0019180470793374
7	0.0451388888888889	0.7109375	0.0257523148148148	0.218171296296296
8	0.200147846978377	0.486970985030493	0.23045647754574	0.082424690445389
9	0.082782982644755	0.0763323606204884	0.0505298725234219	0.790354784211335
10	0.767603505590813	0.0432154729525536	0.0840132970686008	0.105167724388033
11	0.0811460258780037	0.234380776340111	0.483918669131238	0.200554528650647
12	0.202687084657613	0.0353943946836175	0.719589713955504	0.0423288067032649
13	0.00454227812718379	0.0583508036338225	0.000174703004891684	0.936932215234102
14	0.00604506319838798	0.000366367466568969	0.991207180802345	0.0023813885326983
15	0.0277425714688072	0.279678918462188	0.0116884945782284	0.680890015490776
16	0.0182215743440233	0.106413994169096	0.700145772594752	0.175218658892128
17	0.978588277989476	0.00798403193612774	0.0121575031754672	0.00127018689892941
18	0.587691739050083	0.169839216411015	0.0888929957493994	0.153576048789503
