Pos	A	C	G	T
1	0.078	0.676	0.101	0.146
2	0.119	0.466	0.107	0.308
3	0.355	0.22	0.222	0.202
4	0.031	0.704	0.024	0.24
5	0.19	0.383	0.094	0.333
6	0.108	0.185	0.085	0.622
7	0.296	0.239	0.126	0.339
8	0.008	0.268	0.004	0.719
9	0.743	0.01	0.186	0.061
10	0.455	0.027	0.49	0.028
11	0.0	0.998	0.0	0.001
12	0.081	0.451	0.024	0.445
13	0.315	0.263	0.257	0.165
14	0.113	0.345	0.099	0.443
15	0.399	0.083	0.211	0.308
16	0.109	0.101	0.06	0.731
17	0.064	0.681	0.017	0.237
18	0.209	0.142	0.247	0.402
