Pos	A	C	G	T
1	0.32299050421292	0.147519058445901	0.316035843252641	0.213454594088538
2	0.734901875745419	0.042068741190502	0.148216415483032	0.0748129675810474
3	0.0728115345005149	0.149536560247168	0.681050463439753	0.0966014418125644
4	0.0396551724137931	0.0163793103448276	0.911083743842365	0.0328817733990148
5	0.000380324543610548	0.0633874239350913	0.00912778904665314	0.927104462474645
6	0.00266169816342827	0.000532339632685653	0.994809688581315	0.0019962736225712
7	0.0973779301399055	0.280459557120356	0.0557768924302789	0.56638562030946
8	0.0529624180821185	0.266818242610673	0.437073692657483	0.243145646649726
9	0.943577277379734	0.00358239508700102	0.0445240532241556	0.00831627430910952
10	0.420355757656814	0.256386251170255	0.107529757924301	0.215728233248629
11	0.429373996789727	0.0476190476190476	0.063135366506153	0.459871589085072
12	0.215193259328608	0.0752975792430119	0.270830547010833	0.438678614417547
13	0.00677436164669099	0.023970818134445	0.00338718082334549	0.965867639395518
14	0.350175693687144	0.527202229492306	0.104446867805646	0.0181752090149037
15	0.581301951994023	0.0265247034650229	0.336695619688055	0.0554777248529
16	0.00198965380023876	0.990582305345537	0.00132643586682584	0.00610160498739886
17	0.924071285140562	0.00414156626506024	0.0709086345381526	0.0008785140562249
18	0.0726639712488769	0.790206648697215	0.0415543575920934	0.0955750224618149
19	0.208372341848335	0.304132673532165	0.335829878293433	0.151665106326067
20	0.0893580720835999	0.118362124120282	0.0685647259543613	0.723715077841757
21	0.216664437608667	0.295840577771834	0.192724354687709	0.294770629931791
