Pos	A	C	G	T
1	0.190859517008569	0.0817969358608154	0.122825240197351	0.604518306933264
2	0.00535031847133758	0.00203821656050955	0.0137579617834395	0.978853503184713
3	0.0489775309265337	0.902297399646554	0.0424135319363797	0.00631153749053269
4	0.88562091503268	0.00100553041729512	0.0992961287078934	0.0140774258421317
5	0.00152322924600152	0.978167047473978	0.00177710078700178	0.0185326224930185
6	0.963485268194409	0.00277008310249307	0.0337446487030975	0.0
7	0.00612088752869166	0.977811782708493	0.0124968120377455	0.00357051772507014
8	0.106233766233766	0.466493506493507	0.113246753246753	0.314025974025974
9	0.10406582768635	0.0360600193610842	0.0244433688286544	0.835430784123911
10	0.861393503595339	0.0104140838085792	0.0433920158690801	0.0848003967270022
11	0.105412432049161	0.0784684471756086	0.802174426849445	0.0139446939257859
12	0.00227158001009591	0.0234729934376577	0.96643109540636	0.00782433114588592
13	0.000259336099585062	0.0560165975103734	0.00129668049792531	0.942427385892116
14	0.0488943488943489	0.00147420147420147	0.946191646191646	0.00343980343980344
15	0.0401505646173149	0.0830614805520703	0.00727728983688833	0.869510664993726
16	0.0122077922077922	0.134545454545455	0.632207792207792	0.221038961038961
17	0.972419028340081	0.00177125506072874	0.00506072874493927	0.020748987854251
18	0.607374707868086	0.164113217346144	0.093741885224617	0.134770189561153
