Pos	A	C	G	T
1	0.132	0.291	0.312	0.265
2	0.061	0.001	0.933	0.004
3	0.004	0.02	0.011	0.965
4	0.123	0.115	0.023	0.739
5	0.262	0.025	0.62	0.094
6	0.006	0.765	0.027	0.201
7	0.001	0.742	0.006	0.251
8	0.793	0.041	0.048	0.118
9	0.134	0.054	0.08	0.732
10	0.195	0.011	0.792	0.001
11	0.084	0.025	0.879	0.012
12	0.231	0.301	0.083	0.385
13	0.414	0.043	0.299	0.244
14	0.73	0.101	0.09	0.08
15	0.046	0.666	0.036	0.252
