Pos	A	C	G	T
1	0.495	0.144	0.115	0.246
2	0.483	0.041	0.066	0.41
3	0.201	0.267	0.299	0.233
4	0.063	0.093	0.151	0.692
5	0.492	0.032	0.447	0.029
6	0.032	0.016	0.841	0.11
7	0.041	0.037	0.853	0.069
8	0.061	0.113	0.24	0.586
9	0.097	0.505	0.104	0.293
10	0.855	0.024	0.041	0.08
11	0.209	0.332	0.26	0.199
12	0.112	0.206	0.217	0.465
