Pos	A	C	G	T
1	0.329528617680953	0.15458486528014	0.244142018328486	0.271744498710421
2	0.794859834880358	0.0411866225103783	0.0835859881524325	0.080367554456831
3	0.163090599791472	0.350216759040773	0.242770125665368	0.243922515502387
4	0.102040816326531	0.0255102040816327	0.811649659863946	0.0607993197278912
5	0.000605785249129184	0.10530566914029	0.003584229390681	0.8905043162199
6	0.00519437913499918	0.000109355350210509	0.99354803433758	0.00114823117721034
7	0.065869519614013	0.245479337109293	0.0180406964547934	0.670610446821901
8	0.0182487348566171	0.0770331748709298	0.51694525379543	0.387772836477023
9	0.972752190036008	0.00225721502660289	0.021228569893051	0.00376202504433815
10	0.444359086918349	0.243634767339772	0.0776448639157155	0.234361281826163
11	0.475717499862811	0.0413214070131153	0.0351204521758218	0.447840640948252
12	0.2414398595259	0.086095258999122	0.243634767339772	0.428830114135206
13	0.00334955775370283	0.0603967132464542	0.00397759983252211	0.932276129167321
14	0.291538630377524	0.397991659350307	0.245500438981563	0.0649692712906058
15	0.644983967017865	0.0267771623703827	0.239995002706867	0.0882438679048849
16	0.00109164346924295	0.992522242235686	0.00130997216309153	0.0050761421319797
17	0.891723614274867	0.00572007086813465	0.101442672741078	0.00111364211592002
18	0.0387212967131923	0.889939466706689	0.0138576216919306	0.0574816148881885
19	0.124761401941274	0.61913657962068	0.178857166064249	0.0772448523737969
20	0.0861094239125356	0.0899406625239452	0.0344344250805962	0.789515488482923
21	0.261098611644625	0.253855018383362	0.132085825605005	0.352960544367009
