Pos	A	C	G	T
1	0.316	0.235	0.222	0.227
2	0.367	0.204	0.198	0.231
3	0.698	0.061	0.104	0.138
4	0.024	0.432	0.497	0.047
5	0.777	0.01	0.014	0.199
6	0.057	0.007	0.008	0.929
7	0.043	0.867	0.06	0.03
8	0.95	0.009	0.004	0.037
9	0.914	0.03	0.031	0.025
10	0.881	0.015	0.036	0.068
11	0.111	0.194	0.663	0.032
12	0.28	0.183	0.385	0.152
13	0.334	0.186	0.318	0.162
