Pos	A	C	G	T
1	0.306	0.179	0.26	0.255
2	0.329	0.114	0.141	0.416
3	0.855	0.014	0.011	0.12
4	0.527	0.01	0.032	0.431
5	0.225	0.249	0.277	0.249
6	0.043	0.087	0.116	0.753
7	0.623	0.024	0.343	0.011
8	0.005	0.002	0.919	0.074
9	0.036	0.003	0.952	0.008
10	0.059	0.112	0.168	0.661
11	0.006	0.822	0.019	0.153
12	0.785	0.012	0.161	0.042
