Pos	A	C	G	T
1	0.127673796791444	0.0675133689839572	0.0882352941176471	0.716577540106952
2	0.0	0.00266311584553928	0.0	0.997336884154461
3	0.246492985971944	0.655978623914496	0.0915163660654643	0.00601202404809619
4	0.965425531914894	0.0	0.0132978723404255	0.0212765957446809
5	0.00529801324503311	0.990728476821192	0.00198675496688742	0.00198675496688742
6	0.69	0.00133333333333333	0.306666666666667	0.002
7	0.00262639527248851	0.958634274458306	0.0367695338148391	0.00196979645436638
8	0.0	0.923728813559322	0.00586701434159061	0.0704041720990874
9	0.0933165195460277	0.0195460277427491	0.0	0.887137452711223
10	0.919428200129955	0.0129954515919428	0.0123456790123457	0.055230669265757
11	0.450233800935204	0.142952571810287	0.333333333333333	0.0734802939211757
12	0.00266134397870925	0.00133067198935462	0.993346640053227	0.00266134397870925
13	0.00261780104712042	0.0366492146596859	0.00916230366492147	0.951570680628272
14	0.00198412698412698	0.00264550264550265	0.990079365079365	0.00529100529100529
15	0.0121872995509942	0.0532392559332906	0.0	0.934573444515715
16	0.0135658914728682	0.0594315245478036	0.849483204134367	0.0775193798449612
17	0.982815598149372	0.00859220092531395	0.00264375413086583	0.00594844679444812
18	0.799465240641711	0.0635026737967914	0.0407754010695187	0.0962566844919786
