Pos	A	C	G	T
1	0.28843042071197	0.34546925566343	0.20186084142395	0.16423948220065
2	0.31195219123506	0.25378486055777	0.27011952191235	0.16414342629482
3	0.34801247077163	0.2369446609509	0.21083398285269	0.20420888542479
4	0.38074824629774	0.25448168355417	0.22213561964147	0.14263445050663
5	0.33749025720966	0.21590023382697	0.21745908028059	0.22915042868277
6	0.21745908028059	0.27201870615744	0.32540919719408	0.18511301636789
7	0.28565861262666	0.49805144193297	0.1153546375682	0.10093530787217
8	0.5253312548714	0.24746687451286	0.14341387373344	0.083787996882307
9	0.32735775526111	0.27435697583788	0.21590023382697	0.18238503507405
10	0.19290724863601	0.32735775526111	0.10950896336711	0.37022603273578
11	0.21239282930631	0.42985190958691	0.22057677318784	0.13717848791894
12	0.53390491036633	0.12743569758379	0.24318004676539	0.095479345284489
13	0.53351519875292	0.18511301636789	0.14848012470772	0.13289166017147
14	0.0038971161340608	0.53429462197973	0.45440374123149	0.0074045206547155
15	0.0	0.97077162899454	0.0085736554949337	0.020654715510522
16	0.37022603273578	0.017537022603274	0.6091192517537	0.0031176929072486
17	0.054169914263445	0.032346063912705	0.061574434918161	0.85190958690569
18	0.18238503507405	0.031566640685892	0.75175370226033	0.034294621979735
19	0.74629773967264	0.047934528448948	0.096648480124708	0.1091192517537
