Pos	A	C	G	T
1	0.52958292919496	0.12609117361785	0.25121241513094	0.093113482056256
2	0.1544885177453	0.2455114822547	0.25427974947808	0.34572025052192
3	0.0089509488005729	0.27067669172932	0.020766201217329	0.69960615825277
4	0.078410311493018	0.41675617615467	0.45864661654135	0.046186895810956
5	0.42069459362692	0.0089509488005729	0.49480844969567	0.075546007876835
6	0.28714643752238	0.074829931972789	0.24024346580738	0.39778016469746
7	0.0035803795202291	0.28177586824203	0.70855710705335	0.0060866451843895
8	0.0	0.85177228786251	0.0039384174722521	0.14428929466523
9	0.10347296813462	0.0	0.88936627282492	0.0071607590404583
10	0.027210884353741	0.030433225921948	0.11922663802363	0.82312925170068
11	0.33333333333333	0.010025062656642	0.62728249194415	0.029359112065879
12	0.78374507697816	0.024346580737558	0.065878983172216	0.12602935911207
13	0.16004296455424	0.7765843179377	0.02828499820981	0.035087719298246
14	0.14222712238148	0.14479970599044	0.58177140757075	0.13120176405733
15	0.12568093385214	0.19066147859922	0.39844357976654	0.2852140077821
