Pos	A	C	G	T
1	0.333333	0.043403	0.192708	0.430556
2	0.40625	0.043403	0.097222	0.453125
3	0.550347	0.039931	0.112847	0.296875
4	0.321181	0.239583	0.085069	0.354167
5	0.3125	0.050347	0.288194	0.348958
6	0.227431	0.03125	0.178819	0.5625
7	0.105903	0.019097	0.036458	0.838542
8	0.065972	0.005208	0.006944	0.921875
9	0.048611	0.006944	0.020833	0.923611
10	0.036458	0.0	0.020833	0.942708
11	0.012153	0.012153	0.954861	0.020833
12	0.003472	0.0	0.996528	0.0
13	0.026042	0.954861	0.0	0.019097
14	0.008681	0.0	0.991319	0.0
15	0.0	0.013889	0.982639	0.003472
16	0.057292	0.010417	0.923611	0.008681
17	0.989583	0.0	0.010417	0.0
18	0.980903	0.003472	0.012153	0.003472
19	0.914931	0.026042	0.020833	0.038194
20	0.692708	0.071181	0.03125	0.204861
