Pos	A	C	G	T
1	0.172199	0.016598	0.010373	0.80083
2	0.149378	0.002075	0.016598	0.83195
3	0.414938	0.016598	0.139004	0.429461
4	0.022822	0.96473	0.010373	0.002075
5	0.002075	0.817427	0.0	0.180498
6	0.524896	0.190871	0.080913	0.20332
7	0.719917	0.016598	0.087137	0.176349
8	0.96888	0.0	0.004149	0.026971
9	0.875519	0.0	0.0	0.124481
10	0.798755	0.037344	0.047718	0.116183
11	0.427386	0.10166	0.070539	0.400415
12	0.26556	0.0	0.732365	0.002075
13	0.0	0.0	1.0	0.0
14	0.612033	0.147303	0.026971	0.213693
15	0.914938	0.008299	0.006224	0.070539
16	0.896266	0.008299	0.018672	0.076763
17	0.512448	0.126556	0.23444	0.126556
18	0.53112	0.056017	0.095436	0.317427
19	0.491701	0.085062	0.053942	0.369295
