Pos	A	C	G	T
1	0.30364	0.200192	0.22318	0.272989
2	0.234674	0.100575	0.433908	0.230843
3	0.146552	0.19636	0.399425	0.257663
4	0.30364	0.422414	0.0890805	0.184866
5	0.230843	0.112069	0.341954	0.315134
6	0.0431034	0.725096	0.135057	0.0967433
7	0.039272	0.928161	0.0124521	0.0201149
8	0.694444	0.0929119	0.066092	0.146552
9	0.518199	0.338123	0.0890805	0.0545977
10	0.0507663	0.0239464	0.00478927	0.920498
11	0.0124521	0.000957854	0.0239464	0.962644
12	0.514368	0.112069	0.204023	0.16954
13	0.0239464	0.104406	0.0699234	0.801724
14	0.813218	0.066092	0.0814176	0.039272
15	0.0507663	0.801724	0.0507663	0.0967433
16	0.35728	0.211686	0.25	0.181034
17	0.0775862	0.0890805	0.138889	0.694444
18	0.272989	0.22318	0.238506	0.265326
19	0.242337	0.123563	0.108238	0.525862
20	0.1159	0.123563	0.556513	0.204023
21	0.0201149	0.158046	0.0622605	0.759579
22	0.0584291	0.0584291	0.066092	0.81705
23	0.104406	0.0775862	0.644636	0.173372
24	0.0584291	0.138889	0.418582	0.3841
25	0.441571	0.138889	0.211686	0.207854
26	0.0699234	0.579502	0.0507663	0.299808
27	0.104406	0.644636	0.0584291	0.192529
28	0.246169	0.207854	0.066092	0.479885
29	0.123563	0.234674	0.119732	0.522031
30	0.16954	0.422414	0.1159	0.292146
