Pos	A	C	G	T
1	0.862245	0.00102041	0.107143	0.0295918
2	0.0214286	0.00918367	0.968367	0.00102041
3	0.00102041	0.168367	0.0132653	0.817347
4	0.00102041	0.152041	0.00102041	0.845918
5	0.00102041	0.164286	0.821429	0.0132653
6	0.792857	0.00510204	0.00510204	0.196939
7	0.0459184	0.00510204	0.943878	0.00510204
8	0.00102041	0.0255102	0.00102041	0.972449
9	0.160204	0.00102041	0.821429	0.0173469
10	0.796939	0.180612	0.00918367	0.0132653
11	0.00510204	0.747959	0.00102041	0.245918
12	0.05	0.0132653	0.0663265	0.870408
13	0.00510204	0.119388	0.870408	0.00510204
14	0.00510204	0.552041	0.00918367	0.433673
15	0.307143	0.0132653	0.482653	0.196939
16	0.00918367	0.278571	0.682653	0.0295918
17	0.0132653	0.0744898	0.0132653	0.89898
18	0.0295918	0.0295918	0.0132653	0.927551
