Pos	A	C	G	T
1	0.188697	0.299808	0.246169	0.265326
2	0.22318	0.292146	0.22318	0.261494
3	0.242337	0.341954	0.234674	0.181034
4	0.158046	0.25	0.211686	0.380268
5	0.14272	0.33046	0.16954	0.35728
6	0.0967433	0.204023	0.219349	0.479885
7	0.261494	0.207854	0.265326	0.265326
8	0.192529	0.311303	0.234674	0.261494
9	0.138889	0.154215	0.253831	0.453065
10	0.269157	0.246169	0.246169	0.238506
11	0.22318	0.184866	0.27682	0.315134
12	0.215517	0.127395	0.476054	0.181034
13	0.663793	0.119732	0.0967433	0.119732
14	0.0162835	0.257663	0.00862069	0.717433
15	0.0162835	0.000957854	0.60249	0.380268
16	0.138889	0.782567	0.0622605	0.0162835
17	0.349617	0.227011	0.227011	0.19636
18	0.246169	0.372605	0.0354406	0.345785
19	0.0239464	0.931992	0.00478927	0.039272
20	0.0239464	0.177203	0.000957854	0.797893
21	0.000957854	0.0469349	0.000957854	0.951149
22	0.000957854	0.000957854	0.000957854	0.997126
23	0.000957854	0.809387	0.00478927	0.184866
24	0.0201149	0.215517	0.0584291	0.705939
25	0.62931	0.246169	0.00478927	0.119732
26	0.361111	0.0775862	0.284483	0.27682
27	0.100575	0.219349	0.257663	0.422414
