Pos	A	C	G	T
1	0.0464015	0.0804924	0.455492	0.417614
2	0.0274621	0.0388258	0.618371	0.315341
3	0.0501894	0.061553	0.841856	0.0464015
4	0.269886	0.0729167	0.610795	0.0464015
5	0.0842803	0.163826	0.705492	0.0464015
6	0.0274621	0.557765	0.375947	0.0388258
7	0.0274621	0.857008	0.0577652	0.0577652
8	0.0426136	0.796402	0.03125	0.129735
9	0.0426136	0.398674	0.114583	0.444129
10	0.129735	0.489583	0.061553	0.319129
11	0.372159	0.315341	0.107008	0.205492
12	0.243371	0.277462	0.190341	0.288826
13	0.122159	0.213068	0.410038	0.254735
14	0.47822	0.122159	0.349432	0.0501894
15	0.724432	0.0918561	0.125947	0.0577652
16	0.0767045	0.110795	0.141098	0.671402
17	0.194129	0.0464015	0.724432	0.0350379
18	0.122159	0.0274621	0.777462	0.0729167
19	0.122159	0.0274621	0.803977	0.0464015
20	0.803977	0.0123106	0.175189	0.00852273
21	0.0160985	0.0198864	0.0236742	0.940341
22	0.0198864	0.0880682	0.0350379	0.857008
23	0.830492	0.0691288	0.0539773	0.0464015
24	0.00094697	0.0123106	0.985795	0.00094697
25	0.0160985	0.137311	0.0804924	0.766098
26	0.00852273	0.00094697	0.947917	0.0426136
27	0.0236742	0.785038	0.061553	0.129735
28	0.0539773	0.932765	0.00094697	0.0123106
29	0.0464015	0.830492	0.0274621	0.0956439
30	0.0274621	0.061553	0.0691288	0.841856
