Pos	A	C	G	T
1	0.261315	0.233297	0.358297	0.147091
2	0.220366	0.216056	0.410022	0.153556
3	0.222522	0.218211	0.405711	0.153556
4	0.379849	0.237608	0.226832	0.155711
5	0.241918	0.306573	0.295797	0.155711
6	0.192349	0.375539	0.274246	0.157866
7	0.280711	0.377694	0.194504	0.147091
8	0.166487	0.323815	0.33028	0.179418
9	0.220366	0.0328664	0.632004	0.114763
10	0.140625	0.140625	0.610453	0.108297
11	0.121228	0.101832	0.334591	0.442349
12	0.0695043	0.0889009	0.795797	0.0457974
13	0.231142	0.0824353	0.649246	0.0371767
14	0.0522629	0.00269397	0.914332	0.0307112
15	0.364763	0.00269397	0.504849	0.127694
16	0.00269397	0.00700431	0.987608	0.00269397
17	0.00700431	0.728987	0.00269397	0.261315
18	0.00269397	0.000538793	0.996228	0.000538793
19	0.00700431	0.0889009	0.291487	0.612608
20	0.00269397	0.957435	0.0393319	0.000538793
21	0.0953664	0.903556	0.000538793	0.000538793
22	0.188039	0.810884	0.000538793	0.000538793
23	0.000538793	0.957435	0.000538793	0.0414871
24	0.091056	0.761315	0.0436422	0.103987
