Pos	A	C	G	T
1	0.468935	0.220414	0.155325	0.155325
2	0.539941	0.12574	0.196746	0.137574
3	0.534024	0.16716	0.149408	0.149408
4	0.226331	0.409763	0.238166	0.12574
5	0.155325	0.0251479	0.0310651	0.788462
6	0.00147929	0.00147929	0.995562	0.00147929
7	0.29142	0.652367	0.0133136	0.0428994
8	0.326923	0.0369822	0.0902367	0.545858
9	0.00147929	0.00147929	0.995562	0.00147929
10	0.0784024	0.066568	0.60503	0.25
11	0.758876	0.107988	0.131657	0.00147929
12	0.871302	0.066568	0.0310651	0.0310651
13	0.00147929	0.0724852	0.12574	0.800296
14	0.00739645	0.883136	0.0369822	0.0724852
15	0.149408	0.149408	0.0192308	0.681953
16	0.12574	0.504438	0.350592	0.0192308
17	0.326923	0.273669	0.155325	0.244083
18	0.279586	0.119822	0.392012	0.20858
