Pos	A	C	G	T
1	0.233376	0.310102	0.264066	0.192455
2	0.243606	0.307545	0.179668	0.269182
3	0.120844	0.195013	0.235934	0.44821
4	0.064578	0.412404	0.131074	0.391944
5	0.0415601	0.0824808	0.0134271	0.862532
6	0.0492327	0.00575448	0.88555	0.0594629
7	0.0313299	0.000639386	0.941816	0.0262148
8	0.0338875	0.000639386	0.946931	0.0185422
9	0.036445	0.00319693	0.952046	0.00831202
10	0.00831202	0.00575448	0.985294	0.000639386
11	0.000639386	0.995524	0.00319693	0.000639386
12	0.000639386	0.000639386	0.000639386	0.998082
13	0.102941	0.793478	0.0313299	0.0722506
14	0.32289	0.264066	0.374041	0.0390026
15	0.0390026	0.253836	0.220588	0.486573
16	0.212916	0.568414	0.0875959	0.131074
17	0.105499	0.788363	0.0594629	0.0466752
18	0.361253	0.223146	0.205243	0.210358
