Pos	A	C	G	T
1	0.0593385	0.0593385	0.779183	0.10214
2	0.00486381	0.277237	0.00486381	0.713035
3	0.0398833	0.892023	0.000972763	0.0671206
4	0.0749027	0.0865759	0.000972763	0.837549
5	0.00875486	0.203307	0.343385	0.444553
6	0.00486381	0.849222	0.00875486	0.13716
7	0.00486381	0.534047	0.0126459	0.448444
8	0.425097	0.417315	0.148833	0.00875486
9	0.899805	0.00875486	0.0126459	0.0787938
10	0.0749027	0.00486381	0.857004	0.0632296
11	0.390078	0.016537	0.0787938	0.514591
12	0.432879	0.273346	0.0243191	0.269455
13	0.0437743	0.0554475	0.868677	0.0321012
14	0.0904669	0.790856	0.00486381	0.113813
15	0.0671206	0.0321012	0.285019	0.615759
16	0.016537	0.000972763	0.825875	0.156615
17	0.0243191	0.10214	0.857004	0.016537
18	0.00486381	0.378405	0.168288	0.448444
19	0.347276	0.0126459	0.635214	0.00486381
20	0.016537	0.0865759	0.00486381	0.892023
21	0.00486381	0.133268	0.000972763	0.860895
