Pos	A	C	G	T
1	0.169184	0.321761	0.259052	0.250004
2	0.114344	0.50463	0.16281	0.218216
3	0.0512718	0.662415	0.031865	0.254448
4	0.24406	0.099178	0.154265	0.502497
5	0.350297	0.263878	0.149777	0.236048
6	0.599472	0.0674269	0.219334	0.113767
7	0.216082	0.0695604	0.346376	0.367982
8	0.00067313	0.00067313	0.00875069	0.989903
9	0.010884	0.878898	0.00067313	0.109545
10	0.00875069	0.0534051	0.00067313	0.937171
11	0.00067313	0.00067313	0.00067313	0.997981
12	0.00067313	0.997981	0.00067313	0.00067313
13	0.0507126	0.309461	0.00067313	0.639153
14	0.0583423	0.312361	0.0162691	0.613027
15	0.174009	0.0345761	0.494446	0.296969
16	0.12927	0.0566568	0.692795	0.121277
17	0.19566	0.314588	0.227338	0.262414
18	0.029191	0.802856	0.0372502	0.130703
19	0.285977	0.369008	0.160236	0.18478
20	0.174009	0.27747	0.174009	0.374512
21	0.168065	0.24897	0.317299	0.265666
