Pos	A	C	G	T
1	0.467557	0.124046	0.162214	0.246183
2	0.490458	0.162214	0.215649	0.131679
3	0.0706107	0.0171756	0.00954198	0.902672
4	0.0400763	0.0171756	0.0248092	0.917939
5	0.0171756	0.0324427	0.00954198	0.94084
6	0.200382	0.64313	0.0400763	0.116412
7	0.696565	0.146947	0.101145	0.0553435
8	0.704198	0.0019084	0.208015	0.0858779
9	0.917939	0.0477099	0.0171756	0.0171756
10	0.788168	0.00954198	0.0019084	0.200382
11	0.314885	0.276718	0.101145	0.307252
12	0.124046	0.0171756	0.0935115	0.765267
13	0.101145	0.0019084	0.895038	0.0019084
14	0.0019084	0.627863	0.00954198	0.360687
15	0.0858779	0.15458	0.0553435	0.704198
16	0.582061	0.0553435	0.139313	0.223282
17	0.177481	0.0629771	0.0477099	0.711832
18	0.00954198	0.0019084	0.986641	0.0019084
19	0.0706107	0.0019084	0.864504	0.0629771
20	0.330153	0.0706107	0.437023	0.162214
21	0.253817	0.459924	0.101145	0.185115
