Pos	A	C	G	T
1	0.120079	0.0255906	0.127953	0.726378
2	0.498031	0.0570866	0.238189	0.206693
3	0.0413386	0.135827	0.427165	0.395669
4	0.0413386	0.647638	0.127953	0.183071
5	0.0177165	0.120079	0.0413386	0.820866
6	0.0570866	0.0177165	0.0885827	0.836614
7	0.104331	0.0255906	0.805118	0.0649606
8	0.0019685	0.206693	0.0177165	0.773622
9	0.167323	0.0728346	0.0019685	0.757874
10	0.0019685	0.0019685	0.0019685	0.994094
11	0.0019685	0.883858	0.0019685	0.112205
12	0.0255906	0.616142	0.00984252	0.348425
13	0.71063	0.0885827	0.0807087	0.120079
14	0.143701	0.0019685	0.765748	0.0885827
15	0.0019685	0.498031	0.00984252	0.490157
16	0.183071	0.71063	0.00984252	0.0964567
17	0.59252	0.0570866	0.0649606	0.285433
18	0.0019685	0.86811	0.0177165	0.112205
