Pos	A	C	G	T
1	0.0749337	0.841512	0.0245358	0.0590186
2	0.63992	0.0616711	0.0828912	0.215517
3	0.122679	0.0669761	0.796419	0.0139257
4	0.0271883	0.106764	0.0112732	0.854775
5	0.610743	0.00596817	0.329576	0.0537135
6	0.00066313	0.00596817	0.0908488	0.90252
7	0.00066313	0.00066313	0.998011	0.00066313
8	0.89191	0.00862069	0.0537135	0.045756
9	0.289788	0.0484085	0.647878	0.0139257
10	0.00066313	0.0192308	0.00596817	0.974138
11	0.00331565	0.212865	0.00862069	0.775199
12	0.00066313	0.971485	0.00331565	0.0245358
13	0.00331565	0.00066313	0.00596817	0.990053
14	0.00862069	0.89191	0.00596817	0.0935013
15	0.316313	0.0431034	0.0484085	0.592175
