Pos	A	C	G	T
1	0.163127	0.194015	0.495174	0.147683
2	0.433398	0.182432	0.271236	0.112934
3	0.186293	0.17471	0.240347	0.398649
4	0.116795	0.406371	0.236486	0.240347
5	0.155405	0.336873	0.128378	0.379344
6	0.170849	0.151544	0.321429	0.356178
7	0.21332	0.360039	0.224903	0.201737
8	0.329151	0.166988	0.205598	0.298263
9	0.194015	0.240347	0.290541	0.275097
10	0.0125483	0.32529	0.638031	0.0241313
11	0.0357143	0.00482625	0.0125483	0.946911
12	0.00868726	0.000965251	0.707529	0.282819
13	0.0434363	0.611004	0.128378	0.217181
14	0.305985	0.533784	0.0666023	0.0936293
15	0.0974903	0.0743243	0.163127	0.665058
16	0.00482625	0.00868726	0.985521	0.000965251
17	0.0241313	0.549228	0.000965251	0.425676
18	0.0472973	0.00868726	0.0820463	0.861969
19	0.0588803	0.746139	0.101351	0.0936293
20	0.410232	0.344595	0.0357143	0.209459
21	0.128378	0.0936293	0.417954	0.360039
22	0.0820463	0.0472973	0.78861	0.0820463
23	0.209459	0.352317	0.159266	0.278958
24	0.275097	0.170849	0.28668	0.267375
25	0.414093	0.236486	0.190154	0.159266
26	0.232625	0.186293	0.464286	0.116795
27	0.255792	0.259653	0.224903	0.259653
28	0.267375	0.232625	0.371622	0.128378
29	0.21332	0.336873	0.259653	0.190154
30	0.166988	0.340734	0.255792	0.236486
