Pos	A	C	G	T
1	0.168182	0.113636	0.586364	0.131818
2	0.0409091	0.00454545	0.95	0.00454545
3	0.0227273	0.00454545	0.968182	0.00454545
4	0.113636	0.168182	0.622727	0.0954545
5	0.0590909	0.640909	0.00454545	0.295455
6	0.00454545	0.00454545	0.968182	0.0227273
7	0.859091	0.0954545	0.0409091	0.00454545
8	0.00454545	0.495455	0.00454545	0.495455
9	0.00454545	0.00454545	0.986364	0.00454545
10	0.731818	0.186364	0.0227273	0.0590909
11	0.00454545	0.859091	0.0227273	0.113636
12	0.0409091	0.786364	0.0954545	0.0772727
13	0.459091	0.0772727	0.368182	0.0954545
14	0.131818	0.459091	0.222727	0.186364
15	0.0590909	0.113636	0.0772727	0.75
