Pos	A	C	G	T
1	0.568252	0.0866564	0.230828	0.114264
2	0.30138	0.0559816	0.519172	0.123466
3	0.0253067	0.0866564	0.065184	0.822853
4	0.0498466	0.0590491	0.44862	0.442485
5	0.0253067	0.000766871	0.970092	0.00383436
6	0.000766871	0.111196	0.00996933	0.878067
7	0.000766871	0.178681	0.0314417	0.78911
8	0.0314417	0.847393	0.077454	0.0437117
9	0.114264	0.000766871	0.000766871	0.884202
10	0.0467791	0.00690184	0.93635	0.00996933
11	0.0191718	0.905675	0.000766871	0.0743865
12	0.203221	0.144939	0.00996933	0.641871
13	0.178681	0.215491	0.129601	0.476227
14	0.169479	0.38727	0.0927914	0.35046
15	0.295245	0.108129	0.163344	0.433282
