Pos	A	C	G	T
1	0.00925926	0.401852	0.209259	0.37963
2	0.253704	0.268519	0.209259	0.268519
3	0.00185185	0.416667	0.157407	0.424074
4	0.112963	0.224074	0.135185	0.527778
5	0.00925926	0.424074	0.0611111	0.505556
6	0.00185185	0.431481	0.542593	0.0240741
7	0.00185185	0.209259	0.0166667	0.772222
8	0.00185185	0.461111	0.00185185	0.535185
9	0.268519	0.17963	0.312963	0.238889
10	0.0537037	0.624074	0.0981481	0.224074
11	0.438889	0.15	0.187037	0.224074
12	0.00185185	0.0240741	0.92037	0.0537037
13	0.0314815	0.964815	0.00185185	0.00185185
14	0.498148	0.231481	0.127778	0.142593
15	0.0314815	0.0833333	0.838889	0.0462963
16	0.00185185	0.97963	0.00925926	0.00925926
17	0.253704	0.157407	0.201852	0.387037
18	0.12037	0.290741	0.475926	0.112963
