Pos	A	C	G	T
1	0.000572082	0.00286041	0.000572082	0.995995
2	0.00286041	0.000572082	0.00286041	0.993707
3	0.0188787	0.0188787	0.0120137	0.950229
4	0.929634	0.034897	0.0165904	0.0188787
5	0.934211	0.000572082	0.0371854	0.028032
6	0.0394737	0.00514874	0.927346	0.028032
7	0.0303204	0.826659	0.0532037	0.0898169
8	0.021167	0.927346	0.00514874	0.0463387
9	0.0165904	0.842677	0.000572082	0.14016
10	0.890732	0.0165904	0.069222	0.0234554
11	0.0120137	0.856407	0.028032	0.103547
12	0.0326087	0.0234554	0.0143021	0.929634
13	0.0715103	0.0143021	0.881579	0.0326087
14	0.000572082	0.00286041	0.000572082	0.995995
15	0.00286041	0.0143021	0.00286041	0.979977
16	0.0394737	0.0097254	0.945652	0.00514874
17	0.984554	0.000572082	0.0120137	0.00286041
18	0.000572082	0.000572082	0.998284	0.000572082
