Pos	A	C	G	T
1	0.914062	0.0703125	0.0078125	0.0078125
2	0.914062	0.0078125	0.0703125	0.0078125
3	0.0078125	0.195313	0.789062	0.0078125
4	0.414062	0.507813	0.0390625	0.0390625
5	0.945312	0.0078125	0.0390625	0.0078125
6	0.0078125	0.914063	0.0078125	0.0703125
7	0.0703125	0.0390625	0.0703125	0.820313
8	0.0078125	0.0078125	0.789062	0.195313
9	0.0078125	0.0078125	0.0078125	0.976562
10	0.757813	0.0078125	0.132812	0.101563
11	0.0078125	0.789062	0.0078125	0.195313
12	0.101563	0.226563	0.0078125	0.664062
