Pos	A	C	G	T
1	0.394084	0.0582061	0.115458	0.432252
2	0.0314885	0.000954198	0.855916	0.111641
3	0.0391221	0.100191	0.855916	0.00477099
4	0.111641	0.111641	0.0620229	0.714695
5	0.0276718	0.943702	0.000954198	0.0276718
6	0.0429389	0.111641	0.000954198	0.844466
7	0.359733	0.329198	0.294847	0.0162214
8	0.0811069	0.439885	0.0200382	0.458969
9	0.775763	0.0658397	0.0734733	0.0849237
10	0.848282	0.0658397	0.0811069	0.00477099
11	0.852099	0.00858779	0.0772901	0.0620229
12	0.199427	0.145992	0.508588	0.145992
13	0.218511	0.134542	0.397901	0.249046
14	0.355916	0.149809	0.451336	0.0429389
15	0.138359	0.634542	0.18416	0.0429389
16	0.203244	0.504771	0.0467557	0.245229
17	0.115458	0.375	0.107824	0.401718
18	0.142176	0.0734733	0.436069	0.348282
19	0.126908	0.271947	0.336832	0.264313
20	0.115458	0.126908	0.104008	0.653626
21	0.241412	0.180344	0.104008	0.474237
