Pos	A	C	G	T
1	0.0104167	0.0104167	0.0104167	0.96875
2	0.0520833	0.71875	0.0104167	0.21875
3	0.09375	0.260417	0.135417	0.510417
4	0.177083	0.34375	0.21875	0.260417
5	0.427083	0.09375	0.260417	0.21875
6	0.59375	0.0520833	0.302083	0.0520833
7	0.0520833	0.46875	0.46875	0.0104167
8	0.0104167	0.0104167	0.0104167	0.96875
9	0.260417	0.0520833	0.677083	0.0104167
10	0.0104167	0.0104167	0.96875	0.0104167
11	0.0104167	0.0104167	0.0104167	0.96875
12	0.09375	0.135417	0.46875	0.302083
13	0.0520833	0.46875	0.21875	0.260417
14	0.0520833	0.510417	0.21875	0.21875
15	0.927083	0.0520833	0.0104167	0.0104167
16	0.0104167	0.927083	0.0104167	0.0520833
17	0.0104167	0.885417	0.0104167	0.09375
18	0.71875	0.0104167	0.09375	0.177083
