Pos	A	C	G	T
1	0.333097	0.256392	0.196733	0.213778
2	0.0433239	0.909801	0.00639205	0.040483
3	0.492188	0.0745739	0.401278	0.0319602
4	0.00923295	0.00923295	0.0120739	0.96946
5	0.000710227	0.0177557	0.00355114	0.977983
6	0.0348011	0.259233	0.111506	0.59446
7	0.0830966	0.0887784	0.102983	0.725142
8	0.179688	0.0632102	0.651278	0.105824
9	0.040483	0.0944602	0.398438	0.466619
10	0.105824	0.850142	0.0120739	0.0319602
11	0.0859375	0.87571	0.0120739	0.0262784
12	0.0319602	0.321733	0.037642	0.608665
13	0.0149148	0.904119	0.0291193	0.0518466
14	0.0262784	0.639915	0.0660511	0.267756
15	0.145597	0.171165	0.279119	0.404119
16	0.290483	0.108665	0.477983	0.122869
17	0.233665	0.174006	0.395597	0.196733
18	0.0916193	0.361506	0.264915	0.28196
19	0.068892	0.796165	0.0433239	0.0916193
20	0.120028	0.65696	0.071733	0.151278
21	0.0916193	0.418324	0.185369	0.304688
22	0.151278	0.426847	0.233665	0.18821
23	0.128551	0.426847	0.196733	0.247869
24	0.25071	0.284801	0.253551	0.210938
25	0.196733	0.227983	0.381392	0.193892
26	0.134233	0.37571	0.31321	0.176847
27	0.108665	0.506392	0.182528	0.202415
