Pos	A	C	G	T
1	0.332944	0.0478972	0.239486	0.379673
2	0.183411	0.0478972	0.660047	0.108645
3	0.0712617	0.547897	0.169393	0.211449
4	0.057243	0.0992991	0.0338785	0.809579
5	0.19743	0.426402	0.225467	0.150701
6	0.0432243	0.220794	0.132009	0.603972
7	0.426402	0.00584112	0.421729	0.146028
8	0.150701	0.0525701	0.375	0.421729
9	0.0946262	0.117991	0.113318	0.674065
10	0.23014	0.0432243	0.58528	0.141355
11	0.057243	0.0525701	0.0478972	0.84229
12	0.0198598	0.0245327	0.0665888	0.889019
13	0.272196	0.0338785	0.19743	0.496495
14	0.211449	0.00116822	0.655374	0.132009
15	0.0432243	0.010514	0.818925	0.127336
16	0.0806075	0.0712617	0.136682	0.711449
17	0.0852804	0.160047	0.617991	0.136682
18	0.0292056	0.856308	0.0245327	0.0899533
19	0.846963	0.00584112	0.0151869	0.132009
20	0.0385514	0.0665888	0.0292056	0.865654
21	0.48715	0.0478972	0.150701	0.314252
22	0.0292056	0.0712617	0.010514	0.889019
23	0.870327	0.00116822	0.0151869	0.113318
24	0.0385514	0.178738	0.0712617	0.711449
25	0.40771	0.0198598	0.482477	0.0899533
26	0.0151869	0.0432243	0.0292056	0.912383
27	0.057243	0.010514	0.0432243	0.889019
28	0.0525701	0.290888	0.0385514	0.617991
29	0.73014	0.0338785	0.0338785	0.202103
30	0.23014	0.19743	0.16472	0.40771
31	0.34229	0.0245327	0.136682	0.496495
32	0.608645	0.0245327	0.103972	0.26285
33	0.0899533	0.0478972	0.0619159	0.800234
34	0.00116822	0.0151869	0.0292056	0.954439
35	0.178738	0.0198598	0.58528	0.216121
36	0.0245327	0.155374	0.0992991	0.720794
37	0.0665888	0.00116822	0.0385514	0.893692
38	0.655374	0.0198598	0.0946262	0.23014
39	0.0852804	0.057243	0.0292056	0.828271
