Pos	A	C	G	T
1	0.0527726	0.905321	0.00075761	0.0411484
2	0.00075761	0.948743	0.00075761	0.0497422
3	0.0371229	0.244188	0.0194378	0.699251
4	0.00075761	0.00075761	0.00075761	0.997727
5	0.00075761	0.00075761	0.00075761	0.997727
6	0.00681849	0.0921683	0.0250011	0.876012
7	0.0133769	0.00681849	0.0159098	0.963895
8	0.32601	0.141153	0.410365	0.122473
9	0.00075761	0.131564	0.289147	0.578531
10	0.007316	0.0280316	0.00681849	0.957834
11	0.031062	0.128534	0.614897	0.225508
12	0.00075761	0.568943	0.0734882	0.356812
13	0.0315595	0.00681849	0.0189403	0.942682
14	0.00075761	0.748236	0.00075761	0.250249
15	0.0805441	0.185614	0.0340925	0.699749
16	0.161868	0.0891379	0.0371229	0.711871
17	0.126001	0.146716	0.27499	0.452293
18	0.058336	0.119442	0.171955	0.650267
