Pos	A	C	G	T
1	0.385817	0.390625	0.174279	0.0492788
2	0.106971	0.448317	0.00120192	0.44351
3	0.116587	0.457933	0.00120192	0.424279
4	0.015625	0.395433	0.145433	0.44351
5	0.15024	0.44351	0.361779	0.0444712
6	0.501202	0.0300481	0.0540865	0.414663
7	0.0444712	0.00600962	0.929087	0.0204327
8	0.0108173	0.371394	0.510817	0.106971
9	0.164663	0.102163	0.0492788	0.683894
10	0.260817	0.106971	0.0252404	0.606971
11	0.0108173	0.38101	0.457933	0.15024
12	0.00600962	0.116587	0.0492788	0.828125
13	0.429087	0.188702	0.126202	0.25601
14	0.203125	0.0108173	0.784856	0.00120192
15	0.0396635	0.00120192	0.94351	0.015625
16	0.56851	0.015625	0.405048	0.0108173
17	0.510817	0.44351	0.0204327	0.0252404
18	0.0300481	0.00120192	0.429087	0.539663
19	0.0348558	0.015625	0.948317	0.00120192
20	0.385817	0.491587	0.0252404	0.0973558
21	0.116587	0.0685096	0.366587	0.448317
22	0.0637019	0.00120192	0.81851	0.116587
23	0.419471	0.169471	0.015625	0.395433
24	0.0348558	0.33774	0.457933	0.169471
