Pos	A	C	G	T
1	0.261677	0.0366242	0.416667	0.285032
2	0.0451168	0.257431	0.0684713	0.628981
3	0.0451168	0.079087	0.0281316	0.847665
4	0.0153928	0.0238854	0.0153928	0.945329
5	0.00477707	0.0663482	0.00265393	0.926221
6	0.104565	0.0175159	0.815817	0.0621019
7	0.0153928	0.868896	0.0281316	0.0875796
8	0.0217622	0.0493631	0.00690021	0.921975
9	0.0621019	0.00477707	0.89862	0.0345011
10	0.11518	0.0302548	0.832803	0.0217622
11	0.537686	0.0238854	0.416667	0.0217622
12	0.0153928	0.113057	0.0175159	0.854034
13	0.926221	0.00902335	0.0493631	0.0153928
14	0.0748408	0.208599	0.0111465	0.705414
15	0.943206	0.00477707	0.0429936	0.00902335
16	0.142781	0.0323779	0.811571	0.0132696
17	0.423036	0.0429936	0.0960722	0.437898
18	0.962314	0.0132696	0.0217622	0.00265393
19	0.0153928	0.0175159	0.0153928	0.951699
20	0.0111465	0.0345011	0.0217622	0.93259
21	0.0132696	0.875265	0.0153928	0.0960722
22	0.0175159	0.0493631	0.0175159	0.915605
23	0.151274	0.0705945	0.132166	0.645966
24	0.159766	0.00477707	0.788217	0.0472399
25	0.0196391	0.000530786	0.970807	0.00902335
26	0.0621019	0.127919	0.00902335	0.800955
27	0.0238854	0.0281316	0.0302548	0.917728
