Pos	A	C	G	T
1	0.378818621181379	0.0794299205700794	0.443991556008444	0.0977599022400977
2	0.0325869674130326	0.401221598778401	0.505091494908505	0.0610999389000611
3	0.010183	0.527495	0.00611	0.456212
4	0.07943	0.016293	0.826884	0.077393
5	0.07943	0.814664	0.03055	0.075356
6	0.00611	0.98167	0.0	0.01222
7	0.415478584521416	0.517311482688517	0.0366599633400367	0.0305499694500306
8	0.00203699796300204	0.576374423625576	0.00203699796300204	0.41955158044842
9	0.00611	0.98778	0.0	0.00611
10	0.0407330407330407	0.0773930773930774	0.0285130285130285	0.853360853360853
11	0.303462	0.071283	0.486762	0.138493
12	0.01222	0.331976	0.627291	0.028513
13	0.059063	0.156823	0.002037	0.782077
14	0.0	0.0	0.991853	0.008147
15	0.0468430468430468	0.0509160509160509	0.845214845214845	0.057026057026057
