Pos	A	C	G	T
1	0.084091	0.609091	0.129545	0.177273
2	0.106818	0.354545	0.095455	0.443182
3	0.0613639386360614	0.634090365909634	0.152272847727152	0.152272847727152
4	0.0863639136360864	0.611363388636611	0.0681819318180682	0.234090765909234
5	0.084091	0.375	0.122727	0.418182
6	0.079545	0.595455	0.145455	0.179545
7	0.1	0.629545	0.077273	0.193182
8	0.1	0.415909	0.109091	0.375
9	0.131818131818132	0.615909615909616	0.147727147727148	0.104545104545105
10	0.1000001000001	0.32954532954533	0.213636213636214	0.356818356818357
11	0.0613639386360614	0.395454604545395	0.240908759091241	0.302272697727302
12	0.190909	0.5	0.225	0.084091
13	0.011364	0.638636	0.315909	0.034091
14	0.006818	0.027273	0.0	0.965909
15	0.0	0.743182	0.247727	0.009091
16	0.013636	0.977273	0.002273	0.006818
17	0.015909	0.0	0.0	0.984091
18	0.0	0.961363038636961	0.0272729727270273	0.0113639886360114
19	0.0	0.959091	0.0	0.040909
20	0.038636	0.584091	0.018182	0.359091
21	0.086364	0.479545	0.097727	0.336364
