Pos	A	C	G	T
1	0.401639401639402	0.0942620942620943	0.40983640983641	0.0942620942620943
2	0.0286889713110287	0.35040964959035	0.553278446721553	0.0676229323770676
3	0.0225409774590225	0.620901379098621	0.00614799385200615	0.35040964959035
4	0.079918	0.02459	0.782787	0.112705
5	0.036885	0.82582	0.038934	0.098361
6	0.004098	0.989754	0.0	0.006148
7	0.278689	0.641393	0.034836	0.045082
8	0.00204900204900205	0.596311596311596	0.0040980040980041	0.397541397541398
9	0.006148	0.991803	0.002049	0.0
10	0.0286889713110287	0.0307379692620307	0.0081969918030082	0.932376067623932
11	0.27459	0.034836	0.592213	0.098361
12	0.00614799385200615	0.336065663934336	0.624999375000625	0.0327869672130328
13	0.092213	0.161885	0.012295	0.733607
14	0.0	0.0	1.0	0.0
15	0.034836	0.030738	0.885246	0.04918
16	0.112705	0.592213	0.092213	0.202869
17	0.211065788934211	0.461065538934461	0.176229823770176	0.151638848361152
18	0.440574	0.125	0.356557	0.077869
