Pos	A	C	G	T
1	0.038306	0.274194	0.635081	0.052419
2	0.022177	0.701613	0.018145	0.258065
3	0.0564519435480565	0.0161289838710161	0.854838145161855	0.0725809274190726
4	0.0604839395160605	0.774193225806774	0.0584679415320585	0.106854893145107
5	0.00403200403200403	0.987903987903988	0.00201600201600202	0.00604800604800605
6	0.252016	0.641129	0.076613	0.030242
7	0.002016	0.653226	0.006048	0.33871
8	0.0	0.993952	0.002016	0.004032
9	0.020161	0.080645	0.028226	0.870968
10	0.227823	0.070565	0.616935	0.084677
11	0.00403200403200403	0.346774346774347	0.629032629032629	0.0201610201610202
12	0.0705649294350706	0.314515685484314	0.0120969879030121	0.602822397177603
13	0.0	0.0	0.997984	0.002016
14	0.0282259717740282	0.0282259717740282	0.883064116935883	0.0604839395160605
15	0.108871	0.614919	0.080645	0.195565
