Pos	A	C	G	T
1	0.0421689578310422	0.228915771084229	0.676706323293677	0.0522089477910522
2	0.022088	0.732932	0.01004	0.23494
3	0.046185	0.022088	0.87751	0.054217
4	0.0401609598390402	0.811244188755811	0.0461849538150462	0.102409897590102
5	0.004016	0.983936	0.008032	0.004016
6	0.202811	0.674699	0.084337	0.038153
7	0.004016	0.680723	0.002008	0.313253
8	0.002008	0.993976	0.002008	0.002008
9	0.0180720180720181	0.0823290823290823	0.0220880220880221	0.877510877510878
10	0.238956	0.062249	0.626506	0.072289
11	0.002008	0.327309	0.656627	0.014056
12	0.0662650662650663	0.327309327309327	0.0140560140560141	0.592369592369592
13	0.0	0.004016	0.991968	0.004016
14	0.028112	0.032129	0.895582	0.044177
15	0.096386	0.62249	0.078313	0.202811
