Pos	A	C	G	T
1	0.340122	0.317719	0.219959	0.1222
2	0.050916	0.325866	0.221996	0.401222
3	0.460285	0.065173	0.366599	0.107943
4	0.0264769735230265	0.344195655804344	0.551934448065552	0.0773929226070774
5	0.020367	0.562118	0.010183	0.407332
6	0.1222	0.016293	0.751527	0.10998
7	0.057026	0.755601	0.038697	0.148676
8	0.0	0.97556	0.002037	0.022403
9	0.397149	0.517312	0.050916	0.034623
10	0.010183	0.529532	0.01833	0.441955
11	0.01222	0.979633	0.0	0.008147
12	0.04277	0.052953	0.016293	0.887984
13	0.395112	0.046843	0.407332	0.150713
14	0.028513	0.303462	0.631365	0.03666
15	0.081466	0.093686	0.014257	0.810591
16	0.008147	0.0	0.985743	0.00611
17	0.0346230346230346	0.0407330407330407	0.849287849287849	0.0753560753560754
18	0.136456	0.541752	0.06721	0.254582
19	0.236253	0.435845	0.156823	0.171079
20	0.486762	0.114053	0.329939	0.069246
