Pos	A	C	G	T
1	0.044	0.608	0.01	0.338
2	0.096	0.016	0.776	0.112
3	0.048	0.834	0.03	0.088
4	0.002	0.97	0.0	0.028
5	0.302	0.626	0.036	0.036
6	0.012	0.594	0.004	0.39
7	0.002	0.988	0.004	0.006
8	0.018	0.062	0.01	0.91
9	0.322	0.062	0.518	0.098
10	0.004	0.396	0.576	0.024
11	0.118	0.172	0.03	0.68
12	0.002	0.002	0.982	0.014
13	0.042	0.058	0.826	0.074
14	0.118	0.544	0.082	0.256
