Pos	A	C	G	T
1	0.04	0.392	0.486	0.082
2	0.032	0.528	0.008	0.432
3	0.108	0.018	0.748	0.126
4	0.062	0.742	0.044	0.152
5	0.002	0.982	0.0	0.016
6	0.346	0.598	0.028	0.028
7	0.012	0.514	0.012	0.462
8	0.006	0.986	0.006	0.002
9	0.038	0.046	0.014	0.902
10	0.36	0.052	0.442	0.146
11	0.014	0.298	0.638	0.05
12	0.072	0.136	0.024	0.768
13	0.002	0.0	0.994	0.004
14	0.052	0.018	0.854	0.076
15	0.138	0.552	0.058	0.252
