Pos	A	C	G	T
1	0.241379	0.395538	0.261663	0.10142
2	0.0385399614600385	0.336713663286337	0.29006070993929	0.334685665314335
3	0.344827655172345	0.115618884381116	0.46044553955446	0.0791079208920791
4	0.052738	0.283976	0.602434	0.060852
5	0.016227	0.703854	0.014199	0.26572
6	0.066937	0.018256	0.813387	0.10142
7	0.034483	0.845842	0.046653	0.073022
8	0.006085	0.979716	0.006085	0.008114
9	0.247464752535247	0.695739304260696	0.0283979716020284	0.0283979716020284
10	0.0	0.628803	0.004057	0.36714
11	0.0	0.997972	0.0	0.002028
12	0.0344829655170345	0.0486819513180487	0.0182559817440183	0.898579101420898
13	0.263691736308264	0.0608519391480608	0.59026340973659	0.0851929148070852
14	0.01217	0.283976	0.675456	0.028398
15	0.0851929148070852	0.202839797160203	0.0385399614600385	0.673427326572673
16	0.0	0.0	0.991886	0.008114
17	0.034483	0.042596	0.858012	0.064909
