Pos	A	C	G	T
1	0.134328	0.017413	0.761194	0.087065
2	0.052239	0.218905	0.646766	0.08209
3	0.266169	0.544776	0.017413	0.171642
4	0.0771140771140771	0.106965106965107	0.721393721393721	0.0945270945270945
5	0.004975	0.977612	0.004975	0.012438
6	0.00995	0.0	0.0	0.99005
7	0.022388	0.089552	0.88806	0.0
8	0.039801	0.007463	0.062189	0.890547
9	0.0	0.985075	0.0	0.014925
10	0.002488	0.982587	0.0	0.014925
11	0.462686537313463	0.092039907960092	0.353233646766353	0.092039907960092
12	0.18408	0.159204	0.099502	0.557214
13	0.022388	0.00995	0.960199	0.007463
14	0.0	0.0	1.0	0.0
15	0.004975	0.0	0.0	0.995025
16	0.0472639527360473	0.136815863184137	0.763681236318764	0.0522389477610522
17	0.0	0.972637	0.014925	0.012438
18	0.007463	0.022388	0.0	0.970149
19	0.037313	0.014925	0.940299	0.007463
20	0.783582	0.064677	0.141791	0.00995
21	0.554726	0.256219	0.087065	0.10199
