Pos	A	C	G	T
1	0.0340680340680341	0.0781560781560782	0.0380760380760381	0.84969984969985
2	0.034068	0.176353	0.771543	0.018036
3	0.0480960480960481	0.0741480741480741	0.0881760881760882	0.78957978957979
4	0.016032	0.915832	0.026052	0.042084
5	0.002004	0.895792	0.0501	0.052104
6	0.388778	0.144289	0.366733	0.1002
7	0.162325	0.190381	0.1002	0.547094
8	0.058116	0.004008	0.91984	0.018036
9	0.0	0.006012	0.993988	0.0
10	0.014028	0.0	0.004008	0.981964
11	0.0480960480960481	0.116232116232116	0.787575787575788	0.0480960480960481
12	0.002004	0.985972	0.006012	0.006012
13	0.0	0.012024	0.0	0.987976
14	0.022044	0.008016	0.965932	0.004008
15	0.845691845691846	0.0601200601200601	0.0741480741480742	0.02004002004002
