Pos	A	C	G	T
1	0.032454	0.407708	0.255578	0.30426
2	0.397565602434397	0.117646882353118	0.405679594320406	0.0791079208920791
3	0.034483	0.322515	0.600406	0.042596
4	0.006085	0.628803	0.010142	0.35497
5	0.048682	0.010142	0.874239	0.066937
6	0.06288	0.833671	0.03854	0.064909
7	0.0	0.989858	0.0	0.010142
8	0.342799	0.598377	0.030426	0.028398
9	0.0	0.608519	0.004057	0.387424
10	0.0	0.997972	0.002028	0.0
11	0.0182559817440183	0.0608519391480609	0.0304259695740304	0.89046610953389
12	0.221095	0.079108	0.596349	0.103448
13	0.006085	0.35497	0.612576	0.026369
14	0.070994	0.217039	0.016227	0.69574
15	0.00202800202800203	0.00202800202800203	0.991886991886992	0.00405700405700406
16	0.036511	0.044625	0.851927	0.066937
