Pos	A	C	G	T
1	0.048	0.006	0.892	0.054
2	0.078	0.864	0.02	0.038
3	0.006	0.984	0.0	0.01
4	0.426	0.496	0.044	0.034
5	0.002	0.664	0.004	0.33
6	0.006	0.968	0.012	0.014
7	0.022	0.074	0.048	0.856
8	0.194	0.108	0.572	0.126
9	0.012	0.374	0.596	0.018
10	0.056	0.208	0.006	0.73
11	0.002	0.004	0.98	0.014
12	0.044	0.052	0.828	0.076
13	0.126	0.6	0.08	0.194
14	0.148	0.548	0.18	0.124
15	0.39	0.14	0.398	0.072
