Pos	A	C	G	T
1	0.201017798982201	0.536895463104537	0.190839809160191	0.0712469287530712
2	0.671755328244672	0.0941479058520941	0.109414890585109	0.124681875318125
3	0.071247	0.096692	0.117048	0.715013
4	0.152672	0.117048	0.231552	0.498728
5	0.066158	0.631043	0.175573	0.127226
6	0.083969	0.577608	0.05598	0.282443
7	0.26971973028027	0.152671847328153	0.0941479058520941	0.483460516539483
8	0.305343694656305	0.142493857506143	0.348600651399349	0.203561796438204
9	0.3002543002543	0.221374221374221	0.231552231552232	0.246819246819247
10	0.223918776081224	0.216284783715216	0.427480572519427	0.132315867684132
11	0.145038	0.292621	0.371501	0.19084
12	0.16285	0.167939	0.549618	0.119593
13	0.488549511450489	0.190839809160191	0.305343694656305	0.0152669847330153
14	0.005089	0.010178	0.005089	0.979644
15	0.002545	0.0	0.933842	0.063613
16	0.941476	0.0	0.030534	0.02799
17	0.040712	0.470738	0.427481	0.061069
18	0.127226	0.061069	0.363868	0.447837
19	0.035623	0.463104	0.012723	0.48855
20	0.513995	0.46056	0.010178	0.015267
