Pos	A	C	G	T
1	0.415612	0.06962	0.367089	0.147679
2	0.052743	0.280591	0.575949	0.090717
3	0.029536	0.540084	0.016878	0.413502
4	0.080169	0.027426	0.748945	0.14346
5	0.0654009345990654	0.831223168776831	0.0506329493670506	0.0527429472570527
6	0.006329	0.983122	0.0	0.010549
7	0.386076	0.57384	0.006329	0.033755
8	0.00421900421900422	0.554852554852555	0.00843900843900844	0.432489432489433
9	0.010549	0.989451	0.0	0.0
10	0.035865	0.054852	0.008439	0.900844
11	0.360759360759361	0.0358650358650359	0.455696455696456	0.147679147679148
12	0.0168779831220169	0.25949374050626	0.672995327004673	0.0506329493670506
13	0.118143	0.116034	0.033755	0.732068
14	0.0	0.0	0.985232	0.014768
15	0.048523	0.042194	0.85865	0.050633
