Pos	A	C	G	T
1	0.0269150269150269	0.291925291925292	0.302277302277302	0.378882378882379
2	0.329193	0.120083	0.453416	0.097308
3	0.037267	0.31677	0.57764	0.068323
4	0.022774	0.63147	0.004141	0.341615
5	0.0703930703930704	0.0227740227740228	0.842650842650843	0.0641820641820642
6	0.0559009440990559	0.755693244306756	0.0476189523810476	0.140786859213141
7	0.0	0.987577012422988	0.00414099585900414	0.00828199171800828
8	0.308488691511308	0.608695391304609	0.0517599482400518	0.0310559689440311
9	0.0144929855070145	0.573498426501574	0.00828199171800828	0.403726596273404
10	0.0	1.0	0.0	0.0
11	0.0186339813660186	0.0476189523810476	0.0144929855070145	0.919254080745919
12	0.281573281573282	0.06004106004106	0.567288567288567	0.0910970910970911
13	0.004141	0.304348	0.664596	0.026915
14	0.0683230683230683	0.175983175983176	0.0227740227740228	0.732919732919733
15	0.0	0.0	1.0	0.0
16	0.039337	0.024845	0.869565	0.066253
17	0.10559	0.604555	0.060041	0.229814
