Pos	A	C	G	T
1	0.27	0.114	0.492	0.124
2	0.086	0.14	0.726	0.048
3	0.044	0.812	0.046	0.098
4	0.0	0.008	0.914	0.078
5	0.054	0.914	0.018	0.014
6	0.008	0.974	0.0	0.018
7	0.118	0.75	0.07	0.062
8	0.008	0.838	0.004	0.15
9	0.002	0.988	0.002	0.008
10	0.046	0.072	0.058	0.824
11	0.19	0.108	0.594	0.108
12	0.016	0.314	0.554	0.116
13	0.15	0.426	0.136	0.288
14	0.01	0.012	0.956	0.022
15	0.018	0.108	0.82	0.054
