Pos	A	C	G	T
1	0.130705	0.481328	0.226141	0.161826
2	0.161825838174162	0.495850504149496	0.228215771784228	0.114107885892114
3	0.116183	0.441909	0.251037	0.190871
4	0.17012417012417	0.458506458506458	0.184647184647185	0.186722186722187
5	0.139004	0.381743	0.307054	0.172199
6	0.130705130705131	0.497925497925498	0.205394205394205	0.165975165975166
7	0.126556	0.473029	0.174274	0.226141
8	0.120332	0.410788	0.219917	0.248963
9	0.157676157676158	0.763485763485763	0.0248960248960249	0.0539420539420539
10	0.010373	0.975104	0.002075	0.012448
11	0.192946	0.0	0.715768	0.091286
12	0.0	1.0	0.0	0.0
13	0.0	1.0	0.0	0.0
14	0.0	0.946058	0.0	0.053942
15	0.435685	0.560166	0.004149	0.0
16	0.0	1.0	0.0	0.0
17	0.056017	0.0	0.856846	0.087137
18	0.0	0.921162	0.043568	0.03527
19	0.371369	0.288382	0.186722	0.153527
20	0.103734	0.458506	0.242739	0.195021
