Pos	A	C	G	T
1	0.0409	0.349693	0.196319	0.413088
2	0.474438	0.075665	0.349693	0.100204
3	0.0388549611450388	0.411042588957411	0.468302531697468	0.0817999182000818
4	0.00818	0.456033	0.010225	0.525562
5	0.110429	0.00818	0.809816	0.071575
6	0.0572599427400573	0.817995182004818	0.0327199672800327	0.092024907975092
7	0.002045	0.985685	0.0	0.01227
8	0.492842507157493	0.46012253987746	0.0143149856850143	0.0327199672800327
9	0.00409	0.470348	0.00409	0.521472
10	0.00818	0.985685	0.0	0.006135
11	0.034765	0.04908	0.014315	0.90184
12	0.380368	0.071575	0.400818	0.147239
13	0.02454	0.329243	0.607362	0.038855
14	0.0552149447850552	0.0838449161550839	0.0122699877300123	0.848670151329849
15	0.0	0.0	1.0	0.0
16	0.0388549611450389	0.044989955010045	0.832310167689832	0.0838449161550839
17	0.145194	0.480573	0.063395	0.310838
