Pos	A	C	G	T
1	0.0681360681360681	0.324649324649325	0.543086543086543	0.0641280641280641
2	0.032064	0.521042	0.016032	0.430862
3	0.0801600801600802	0.016032016032016	0.807615807615808	0.0961920961920962
4	0.064128	0.881764	0.014028	0.04008
5	0.004008	0.985972	0.0	0.01002
6	0.400802	0.547094	0.022044	0.03006
7	0.002004	0.561122	0.002004	0.43487
8	0.0	1.0	0.0	0.0
9	0.04008	0.056112	0.008016	0.895792
10	0.298597	0.064128	0.501002	0.136273
11	0.01002001002001	0.342685342685343	0.615230615230615	0.0320640320640321
12	0.094188	0.138277	0.01002	0.757515
13	0.002004	0.004008	0.975952	0.018036
14	0.0420840420840421	0.0741480741480742	0.823647823647824	0.0601200601200601
15	0.144289	0.543086	0.082164	0.230461
