Pos	A	C	G	T
1	0.047619	0.339545	0.538302	0.074534
2	0.022774	0.619048	0.010352	0.347826
3	0.0848860848860849	0.0124220124220124	0.811594811594812	0.0910970910970911
4	0.033126	0.795031	0.045549	0.126294
5	0.00207	0.989648	0.004141	0.004141
6	0.310559	0.63354	0.026915	0.028986
7	0.006211	0.546584	0.004141	0.443064
8	0.0	1.0	0.0	0.0
9	0.020704	0.045549	0.012422	0.921325
10	0.289855	0.066253	0.52795	0.115942
11	0.004141	0.320911	0.643892	0.031056
12	0.0683230683230683	0.175983175983176	0.0165630165630166	0.739130739130739
13	0.0	0.0	1.0	0.0
14	0.043478	0.037267	0.857143	0.062112
15	0.134575865424135	0.604554395445605	0.057970942029058	0.202898797101203
