Pos	A	C	G	T
1	0.037333	0.818667	0.002667	0.141333
2	0.778666221333779	0.0346669653330347	0.11999988000012	0.0666669333330667
3	0.11999988000012	0.194666805333195	0.562666437333563	0.122666877333123
4	0.0133330133330133	0.581333581333581	0.112000112000112	0.293333293333293
5	0.106666893333107	0.506666493333507	0.362666637333363	0.023999976000024
6	0.645333645333645	0.0213330213330213	0.328000328000328	0.00533300533300533
7	0.557333	0.053333	0.178667	0.210667
8	0.0	0.301333	0.698667	0.0
9	0.0	0.824	0.016	0.16
10	0.333333333333333	0.024000024000024	0.613333613333613	0.0293330293330293
11	0.093333	0.045333	0.210667	0.650667
12	0.306667	0.010667	0.661333	0.021333
13	0.704	0.053333	0.178667	0.064
14	0.223999776000224	0.738666261333739	0.0106669893330107	0.0266669733330267
15	0.2	0.384	0.229333	0.186667
