Pos	A	C	G	T
1	0.48265	0.015773	0.066246	0.435331
2	0.066246	0.365931	0.287066	0.280757
3	0.082019	0.488959	0.056782	0.37224
4	0.40694	0.072555	0.394322	0.126183
5	0.015773	0.798107	0.078864	0.107256
6	0.031546	0.015773	0.022082	0.930599
7	0.00315499684500315	0.00315499684500315	0.00630899369100631	0.987381012618987
8	0.0	1.0	0.0	0.0
9	0.0	1.0	0.0	0.0
10	0.022082	0.0	0.930599	0.047319
11	0.00946399053600946	0.0157729842270158	0.965299034700965	0.00946399053600946
12	0.0725550725550726	0.0504730504730505	0.782334782334782	0.0946370946370946
13	0.0567820567820568	0.0441640441640442	0.353312353312353	0.545741545741546
14	0.031546	0.608833	0.14511	0.214511
15	0.422712577287423	0.192428807571192	0.277602722397278	0.107255892744107
