Pos	A	C	G	T
1	0.171624828375172	0.386727613272387	0.249427750572249	0.192219807780192
2	0.135011	0.144165	0.167048	0.553776
3	0.0663619336380664	0.0892449107550892	0.615560384439615	0.228832771167229
4	0.135011	0.224256	0.414188	0.226545
5	0.210526	0.249428	0.276888	0.263158
6	0.260869739130261	0.254004745995254	0.304347695652304	0.180777819222181
7	0.205949794050206	0.233409766590233	0.347825652174348	0.212814787185213
8	0.251716	0.254005	0.345538	0.148741
9	0.23341	0.24714	0.308924	0.210526
10	0.295195	0.217391	0.299771	0.187643
11	0.128146128146128	0.43020643020643	0.340961340961341	0.100686100686101
12	0.654462654462655	0.0228830228830229	0.00228800228800229	0.32036632036632
13	0.0	0.0	1.0	0.0
14	1.0	0.0	0.0	0.0
15	0.006865	0.0	0.025172	0.967963
16	0.929062	0.0	0.0	0.070938
17	0.78032078032078	0.016018016018016	0.16018316018316	0.0434780434780435
18	0.185355	0.171625	0.558352	0.084668
