Pos	A	C	G	T
1	0.018711	0.598753	0.018711	0.363825
2	0.058212	0.031185	0.829522	0.081081
3	0.043659	0.848233	0.027027	0.081081
4	0.002079	0.983368	0.004158	0.010395
5	0.345114	0.598753	0.016632	0.039501
6	0.008316	0.557173	0.006237	0.428274
7	0.0	1.0	0.0	0.0
8	0.0	0.047817	0.012474	0.939709
9	0.282744	0.066528	0.553015	0.097713
10	0.008316	0.316008	0.656965	0.018711
11	0.054054	0.205821	0.016632	0.723493
12	0.0	0.0	1.0	0.0
13	0.047817	0.054054	0.841996	0.056133
14	0.116424	0.573805	0.097713	0.212058
15	0.174636	0.509356	0.178794	0.137214
