Pos	A	C	G	T
1	0.17505	0.259557	0.348089	0.217304
2	0.199195199195199	0.344064344064344	0.251509251509252	0.205231205231205
3	0.255533	0.390342	0.187123	0.167002
4	0.253521253521254	0.311871311871312	0.201207201207201	0.233400233400233
5	0.462776537223463	0.0160969839030161	0.394365605634394	0.126760873239127
6	0.0865190865190865	0.0120720120720121	0.847082847082847	0.0543260543260543
7	0.388330388330388	0.175050175050175	0.25955725955726	0.177062177062177
8	0.947686	0.014085	0.012072	0.026157
9	0.0	0.991952	0.0	0.008048
10	0.754527	0.018109	0.084507	0.142857
11	0.0704229295770704	0.273641726358274	0.104627895372105	0.551307448692551
12	0.10664	0.171026	0.146881	0.575453
13	0.06841	0.527163	0.221328	0.183099
14	0.102616	0.122736	0.036217	0.738431
15	0.038229	0.044266	0.881288	0.036217
16	0.032193	0.064386	0.016097	0.887324
17	0.177062	0.283702	0.104628	0.434608
18	0.0563380563380563	0.847082847082847	0.0120720120720121	0.0845070845070845
19	0.140845	0.43662	0.026157	0.396378
20	0.134808865191135	0.376257623742376	0.167001832998167	0.321931678068322
21	0.211267788732211	0.209255790744209	0.253520746479253	0.325955674044326
