Pos	A	C	G	T
1	0.060484	0.342742	0.239919	0.356855
2	0.465726	0.094758	0.326613	0.112903
3	0.044355	0.318548	0.534274	0.102823
4	0.018145	0.534274	0.012097	0.435484
5	0.102823	0.022177	0.768145	0.106855
6	0.0645160645160645	0.814516814516814	0.0362900362900363	0.0846770846770847
7	0.008065	0.975806	0.0	0.016129
8	0.397177	0.546371	0.014113	0.042339
9	0.014113	0.495968	0.004032	0.485887
10	0.008065	0.969758	0.002016	0.020161
11	0.042339	0.058468	0.034274	0.864919
12	0.346774	0.066532	0.417339	0.169355
13	0.02621	0.294355	0.647177	0.032258
14	0.078629	0.122984	0.012097	0.78629
15	0.006048	0.0	0.983871	0.010081
16	0.0443550443550444	0.0383060383060383	0.848790848790849	0.0685480685480685
17	0.135081	0.5	0.066532	0.298387
18	0.22983877016123	0.401209598790401	0.195564804435196	0.173386826613173
