Pos	A	C	G	T
1	0.299342	0.325658	0.190789	0.184211
2	0.171053	0.338816	0.154605	0.335526
3	0.444079	0.174342	0.210526	0.171053
4	0.233552766447234	0.131578868421132	0.0822369177630822	0.552631447368553
5	0.141447	0.108553	0.519737	0.230263
6	0.233552766447234	0.286183713816286	0.302631697368303	0.177631822368178
7	0.023026023026023	0.950658950658951	0.0164470164470164	0.00986800986800987
8	0.003289	0.934211	0.0	0.0625
9	0.756579	0.055921	0.006579	0.180921
10	0.483552516447483	0.00657899342100658	0.0263159736840263	0.483552516447483
11	0.950658	0.0	0.042763	0.006579
12	0.299342	0.078947	0.026316	0.595395
13	0.888158	0.013158	0.019737	0.078947
14	0.644736355263645	0.0131579868420132	0.0526319473680526	0.289473710526289
15	0.032895	0.0	0.967105	0.0
16	0.0164470164470164	0.00328900328900329	0.973684973684974	0.00657900657900658
17	0.226973773026227	0.424341575658424	0.184210815789184	0.164473835526164
18	0.450658	0.302632	0.154605	0.092105
19	0.555920444079556	0.0953949046050954	0.164473835526164	0.184210815789184
