Pos	A	C	G	T
1	0.172284827715172	0.0187269812730187	0.775280224719775	0.0337079662920337
2	0.921348	0.026217	0.033708	0.018727
3	0.059925	0.014981	0.868914	0.05618
4	0.801498	0.022472	0.149813	0.026217
5	0.913857086142914	0.0224719775280225	0.02996297003703	0.0337079662920337
6	0.007491	0.460674	0.048689	0.483146
7	0.0524340524340524	0.0861420861420861	0.0262170262170262	0.835206835206835
8	0.00374500374500374	0.97003797003797	0.014981014981015	0.0112360112360112
9	0.955056	0.033708	0.003745	0.007491
10	0.00749099250900749	0.348314651685348	0.00749099250900749	0.636703363296637
11	0.902622	0.003745	0.048689	0.044944
12	0.0262170262170262	0.91011291011291	0.0374530374530374	0.0262170262170262
13	0.157303	0.052434	0.041199	0.749064
14	0.078652	0.011236	0.883895	0.026217
15	0.059925	0.041199	0.846442	0.052434
