Pos	A	C	G	T
1	0.43	0.094	0.226	0.25
2	0.31	0.208	0.244	0.238
3	0.26	0.032	0.196	0.512
4	0.134	0.312	0.43	0.124
5	0.286	0.26	0.15	0.304
6	0.206	0.168	0.436	0.19
7	0.192	0.034	0.71	0.064
8	0.672	0.044	0.094	0.19
9	0.64	0.0	0.086	0.274
10	0.402	0.274	0.244	0.08
11	0.01	0.006	0.024	0.96
12	0.0	0.004	0.986	0.01
13	0.956	0.002	0.03	0.012
14	0.326	0.286	0.378	0.01
15	0.428	0.006	0.014	0.552
16	0.176	0.51	0.302	0.012
17	0.534	0.106	0.08	0.28
18	0.198	0.158	0.342	0.302
