Pos	A	C	G	T
1	0.125326	0.263708	0.281984	0.328982
2	0.0626630626630627	0.537859537859538	0.127937127937128	0.271540271540272
3	0.065274	0.62141	0.05483	0.258486
4	0.430809	0.031332	0.007833	0.530026
5	0.005222	0.013055	0.015666	0.966057
6	0.039164	0.005222	0.036554	0.91906
7	0.0861619138380862	0.24020875979124	0.637075362924637	0.0365539634460366
8	0.24282	0.0	0.023499	0.733681
9	0.133159	0.334204	0.093995	0.438642
10	0.992167	0.0	0.002611	0.005222
11	0.002611	0.0	0.002611	0.994778
12	0.0	0.0	0.91906	0.08094
13	0.007833	0.741514	0.099217	0.151436
14	0.822454822454822	0.0156660156660157	0.0391640391640392	0.122715122715123
15	0.53002653002653	0.0704960704960705	0.274151274151274	0.125326125326125
16	0.751958	0.078329	0.093995	0.075718
17	0.198433	0.146214	0.109661	0.545692
