Pos	A	C	G	T
1	0.052	0.324	0.56	0.064
2	0.026	0.642	0.024	0.308
3	0.064	0.044	0.796	0.096
4	0.04	0.802	0.056	0.102
5	0.0	0.994	0.0	0.006
6	0.264	0.674	0.04	0.022
7	0.004	0.606	0.002	0.388
8	0.0	0.998	0.002	0.0
9	0.036	0.062	0.01	0.892
10	0.28	0.094	0.546	0.08
11	0.018	0.348	0.622	0.012
12	0.08	0.2	0.042	0.678
13	0.008	0.004	0.976	0.012
14	0.028	0.062	0.844	0.066
15	0.124	0.584	0.078	0.214
