Pos	A	C	G	T
1	0.218107	0.187243	0.23251	0.36214
2	0.36214	0.294239	0.199588	0.144033
3	0.041152	0.302469	0.244856	0.411523
4	0.44856	0.08642	0.349794	0.115226
5	0.037037	0.382716	0.506173	0.074074
6	0.006173	0.50823	0.0	0.485597
7	0.117284117284117	0.00823000823000823	0.79012379012379	0.0843620843620844
8	0.0617280617280617	0.804527804527805	0.034979034979035	0.0987650987650988
9	0.0	0.987654	0.0	0.012346
10	0.45679	0.493827	0.018519	0.030864
11	0.00823000823000823	0.473251473251473	0.0102880102880103	0.508230508230508
12	0.00411500411500411	0.987654987654988	0.0	0.00823000823000823
13	0.0185189814810185	0.0493829506170494	0.0308639691360309	0.901234098765901
14	0.378601	0.069959	0.388889	0.162551
15	0.024691	0.277778	0.666667	0.030864
16	0.0761319238680761	0.102880897119103	0.0102879897120103	0.810699189300811
17	0.0	0.0	1.0	0.0
18	0.0452670452670453	0.034979034979035	0.839506839506839	0.0802470802470802
