Pos	A	C	G	T
1	0.297480566734703	0.214565301284785	0.247918848888752	0.24003528309176
2	0.284359667015716	0.211863939577788	0.211202381608789	0.292574011797707
3	0.281823694801	0.155190473565	0.203594464965	0.359391366669
4	0.145653012845	0.730139478472	0.0938861017697	0.0303214069133
5	0.0115772644578044	0.975963393792371	0.00551298307514209	0.00694635867468264
6	0.978499366006951	0.00446551629085978	0.0079938254589596	0.00904129224322955
7	0.0130657698881052	0.0503886653068202	0.889905727989356	0.0466398368157186
8	0.904129224323271	0.0580517117812174	0.029990627928809	0.00782843596670235
9	0.00975798004300156	0.0150504437951024	0.00915155190474146	0.966040024257155
10	0.012569601411295	0.0132862892110947	0.955510226583618	0.0186338827939925
11	0.056728595843183	0.0991234356910703	0.138706654170958	0.705441314294788
12	0.142731131815	0.258172997409	0.285627653123	0.313468217653
13	0.238271128508	0.260543580131	0.231214510171	0.26997078119
