Pos	A	C	G	T
1	0.0649779735683455	0.292951541850205	0.19933920704814	0.44273127753331
2	0.436123348017607	0.0803964757708276	0.354625550660681	0.128854625550884
3	0.0407488986784204	0.338105726872169	0.530837004405265	0.0903083700441451
4	0.018701870187	0.557755775578	0.014301430143	0.409240924092
5	0.0737073707370919	0.00550055005500939	0.806380638063911	0.114411441143987
6	0.0780219780220226	0.851648351648247	0.00879120879121255	0.0615384615385178
7	0.00879120879120991	0.97802197802199	0.0	0.0131868131867999
8	0.374313940724374	0.553238199780553	0.0131723380900132	0.0592755214050593
9	0.0098792535675099	0.621295279911994	0.00329308452249997	0.365532381997996
10	0.00329308452250109	0.991218441273327	0.0	0.00548847420417181
11	0.0197368421052941	0.0350877192981895	0.0120614035087964	0.93311403508772
12	0.355263157894858	0.052631578947379	0.47478070175381	0.117324561403953
13	0.0120481927711024	0.365826944140073	0.578313253012116	0.0438116100767088
14	0.09967141292441	0.0711938663746071	0.0142387732749014	0.814895947426082
15	0.00219058050382965	0.0	0.989047097480842	0.0087623220153286
16	0.0394304490690158	0.0230010952903092	0.87623220153335	0.0613362541073245
17	0.146768893756868	0.491785323110557	0.0536692223438517	0.307776560788723
18	0.204819277108	0.453450164294	0.158817086528	0.18291347207
19	0.502738225629749	0.0832420591456584	0.318729463307841	0.0952902519167524
