Pos	A	C	G	T
1	0.130102	0.119898	0.165816	0.584184
2	0.117347	0.604592	0.142857	0.135204
3	0.540816540816541	0.170918170918171	0.168367168367168	0.11989811989812
4	0.10969410969411	0.311224311224311	0.295918295918296	0.283163283163283
5	0.040816	0.617347	0.091837	0.25
6	0.275510275510276	0.0535710535710536	0.163265163265163	0.507653507653508
7	0.020408	0.005102	0.969388	0.005102
8	0.0	0.012755	0.017857	0.969388
9	0.061224	0.104592	0.010204	0.82398
10	0.17602	0.010204	0.714286	0.09949
11	0.005102	0.951531	0.0	0.043367
12	0.002551	0.392857	0.005102	0.59949
13	0.658163	0.0	0.32398	0.017857
14	0.09949	0.005102	0.727041	0.168367
15	0.0306120306120306	0.022959022959023	0.926020926020926	0.0204080204080204
16	0.112245112245112	0.420918420918421	0.308673308673309	0.158163158163158
17	0.563775436224564	0.160713839286161	0.201530798469201	0.073979926020074
18	0.321429	0.058673	0.584184	0.035714
19	0.573979426020574	0.127550872449128	0.211734788265212	0.0867349132650867
