Pos	A	C	G	T
1	0.213273978146213	0.272764063132273	0.361189801700361	0.152772157021153
2	0.287535410765	0.209631728045	0.308377175233	0.194455685957
3	0.106029947389979	0.242411978955952	0.566774585187887	0.0847834884661831
4	0.00930797248077656	0.974706596519639	0.0113314447591958	0.00465398624038828
5	0.942533387292623	0.0127478753540949	0.0327802509105869	0.0119384864426952
6	0.00768919465803131	0.926345609065158	0.0317685147713054	0.0341966815055058
7	0.0592877377580297	0.0141643059490071	0.915621205989458	0.0109267503035055
8	0.0228652367462931	0.0343990287332897	0.0119384864426964	0.930797248077721
9	0.00546337515176011	0.00627276406313013	0.97936058276002	0.00890327802509018
10	0.0578713071630884	0.0955078915418809	0.757992715499848	0.0886280857951823
11	0.177863213274	0.35552407932	0.260420882234	0.206191825172
12	0.184135977337	0.333670578713	0.272157021449	0.210036422501
