Pos	A	C	G	T
1	0.0	0.956522	0.040134	0.003344
2	0.093645	0.464883	0.0	0.441472
3	0.297659	0.003344	0.561873	0.137124
4	0.020067	0.060201	0.919732	0.0
5	0.157190842809157	0.351170648829351	0.0200669799330201	0.471571528428471
6	0.016722	0.284281	0.013378	0.685619
7	0.0702340702340702	0.558528558528559	0.1003341003341	0.270903270903271
8	0.408027	0.22408	0.09699	0.270903
9	0.404682	0.103679	0.354515	0.137124
10	0.454849454849455	0.0568560568560569	0.244147244147244	0.244147244147244
11	0.0	0.943144	0.050167	0.006689
12	0.026756	0.571906	0.006689	0.394649
13	0.304347695652304	0.0	0.531772468227532	0.163879836120164
14	0.0	0.09699	0.892977	0.010033
15	0.214047	0.32107	0.0	0.464883
16	0.103679	0.197324	0.033445	0.665552
17	0.023411	0.478261	0.147157	0.351171
18	0.29097	0.217391	0.167224	0.324415
19	0.250836250836251	0.183946183946184	0.397993397993398	0.167224167224167
20	0.284281	0.147157	0.334448	0.234114
21	0.137124	0.568562	0.160535	0.133779
