Pos	A	C	G	T
1	0.228650137741	0.465564738292	0.150137741047	0.15564738292
2	0.552341597796	0.107438016529	0.219008264463	0.121212121212
3	0.162534435262	0.329201101928	0.378787878788	0.129476584022
4	0.27961432506872	0.34022038567466	0.209366391184791	0.170798898071829
5	0.672176308539664	0.0385674931128807	0.282369146005859	0.00688705234159656
6	0.0	0.0	0.0	1.0
7	0.0	0.0	0.979338842975196	0.0206611570248041
8	1.0	0.0	0.0	0.0
9	0.0275482093664	0.734159779614	0.162534435262	0.0757575757576
10	0.115702479338942	0.0275482093663862	0.022038567493089	0.834710743801583
11	0.0895316804408358	0.756198347107302	0.0633608815427253	0.0909090909091364
12	0.794765840220111	0.00413223140496058	0.123966942149017	0.0771349862259108
13	0.0137741046832008	0.0151515151515009	0.961432506887058	0.00964187327824058
14	0.00550964187328187	0.962809917355327	0.0261707988981089	0.00550964187328187
15	0.858126721763086	0.0358126721763036	0.0426997245179043	0.0633608815427063
