Pos	A	C	G	T
1	0.245836985101	0.187992988606	0.318141980719	0.248028045574
2	0.330850131464	0.141542506573	0.397020157756	0.130587204207
3	0.564855390008605	0.198071866783861	0.216476774758848	0.0205959684486856
4	0.00744960560910657	0.981595092024549	0.00569675723049738	0.00525854513584758
5	0.982033304119187	0.00306748466258058	0.00701139351446133	0.0078878177037715
6	0.00701139351446028	0.0105170902717004	0.943032427695038	0.0394390885188016
7	0.891323400525884	0.0657318141980915	0.0337423312882956	0.0092024539877288
8	0.0241016652060067	0.0223488168273063	0.00832602979842233	0.945223488168265
9	0.00569675723049783	0.00306748466257883	0.977651183172628	0.0135845749342948
10	0.0258545135845948	0.0407537248027918	0.859772129710828	0.0736196319017853
11	0.163453111306	0.39921121823	0.183172655565	0.254163014899
12	0.3032427695	0.236634531113	0.262489044698	0.197633654689
13	0.235758106924	0.25898334794	0.275197195443	0.230061349693
