Pos	A	C	G	T
1	0.214953	0.373832	0.182243	0.228972
2	0.063084	0.469626	0.165888	0.301402
3	0.109813	0.584112	0.151869	0.154206
4	0.401869	0.264019	0.182243	0.151869
5	0.116822	0.212617	0.130841	0.53972
6	0.014019	0.0	0.0	0.985981
7	0.0	0.0	0.014019	0.985981
8	0.065421	0.922897	0.0	0.011682
9	0.00700900700900701	0.871495871495871	0.0	0.121495121495121
10	0.186916	0.38785	0.119159	0.306075
11	0.310748	0.018692	0.642523	0.028037
12	0.014019	0.016355	0.859813	0.109813
13	0.918224	0.077103	0.004673	0.0
14	1.0	0.0	0.0	0.0
15	0.483645	0.121495	0.266355	0.128505
16	0.228972	0.301402	0.130841	0.338785
17	0.130841130841131	0.521028521028521	0.257009257009257	0.0911210911210911
18	0.275701	0.313084	0.102804	0.308411
19	0.128504871495128	0.492990507009493	0.177569822430178	0.200934799065201
20	0.301402301402301	0.273364273364273	0.252336252336252	0.172897172897173
21	0.149533	0.233645	0.25	0.366822
