Pos	A	C	G	T
1	0.194166891709194	0.325951930867326	0.311369160140311	0.168512017283169
2	0.220901971374779	0.302997569537697	0.328382392654672	0.147718066432852
3	0.374021064002	0.223602484472	0.260599513908	0.141776937618
4	0.102079395085051	0.717796381312359	0.131244936538066	0.0488792870645244
5	0.0153929246557029	0.961112611396183	0.0145827707264028	0.00891169322171169
6	0.953551174723267	0.0129624628679036	0.0261949770456073	0.00729138536322204
7	0.00432082095598095	0.944909532811208	0.0121523089387027	0.0386173372941085
8	0.019713745611698	0.0156629759653984	0.963543073183904	0.00108020523899989
9	0.00540102619497816	0.0297056440723899	0.00864164191195706	0.956251687820675
10	0.00540102619498227	0.0243046178774102	0.958682149608403	0.0116122063192049
11	0.0918174453146367	0.478530920875191	0.29948690251112	0.130164731299052
12	0.181204428841181	0.312449365379312	0.27950310559028	0.226843100189227
13	0.142857142857	0.359168241966	0.286524439644	0.211450175533
