Pos	A	C	G	T
1	0.163522012578902	0.023270440251586	0.70062893081758	0.112578616351932
2	0.0786163522012764	0.20062893081794	0.586792452829824	0.13396226415096
3	0.318467336683318	0.432160804020432	0.0194723618090195	0.22989949748723
4	0.124293785311	0.114877589454	0.632140615191	0.128688010044
5	0.00564617314930831	0.959849435382712	0.00815558343788755	0.0263488080300921
6	0.00625	0.004375	0.005625	0.98375
7	0.04625	0.145625	0.8	0.008125
8	0.0318153462257936	0.0212102308171958	0.069868995633186	0.877105427323824
9	0.0012468827930203	0.983167082294236	0.00311720698254075	0.012468827930203
10	0.00436408977556035	0.966957605985077	0.00436408977556035	0.0243142144638019
11	0.552369077306945	0.0773067331670923	0.233790523690977	0.136533665834986
12	0.204984423676	0.100934579439	0.12523364486	0.568847352025
13	0.0435865504358869	0.0124533001244963	0.922166874221723	0.0217932752178935
14	0.00311332503113146	0.00747198007472351	0.987546699875464	0.00186799501868088
15	0.00747198007471978	0.00747198007471978	0.00435865504358987	0.980697384806971
16	0.113395638628977	0.20124610591896	0.609345794392878	0.0760124610591848
17	0.00623441396509131	0.945137157107198	0.0274314214464058	0.0211970074813045
18	0.0162297128588919	0.0586766541822707	0.0187265917602906	0.906367041198547
19	0.0657482780213066	0.0313087038197031	0.855353788353086	0.0475892298059048
20	0.703819661865859	0.0914214151533817	0.168440826549966	0.0363180964307927
21	0.527969830295	0.230043997486	0.109365179133	0.132620993086
