Pos	A	C	G	T
1	0.0881822863028265	0.73189152076922	0.0577154136629173	0.122210779265037
2	0.773601098523845	0.0779265362169844	0.0844061105389831	0.0640662547201872
3	0.0411088225197206	0.0901991074494451	0.0317112941984159	0.836980775832418
4	0.0185375901133074	0.0233436319945093	0.0197820116718079	0.938336766220375
5	0.0139890147614032	0.949922760041218	0.00506350841057117	0.0310247167868071
6	0.962796086508788	0.00939752832131793	0.0214984552007953	0.00630792996909861
7	0.00416237555783804	0.0380621352557821	0.00549261929282742	0.952282869893552
8	0.00780981805698781	0.014160659114296	0.00780981805698781	0.970219704771728
9	0.0151905252316948	0.946961894953678	0.00399073120493864	0.0338568486096885
10	0.945502917954095	0.0172502574665017	0.0252746309646025	0.0119721936148012
11	0.0433401991073827	0.0884826639203646	0.0348008925505861	0.833376244421667
12	0.0422674219017873	0.0913147957431726	0.0448420871952865	0.821575695159753
13	0.0884826639203823	0.759569172673848	0.0367318915207927	0.115216271884977
