Pos	A	C	G	T
1	0.0605841811618	0.403085001641	0.0595339678372	0.47679684936
2	0.0458811946177092	0.644502789629129	0.0426649163111085	0.266951099442053
3	0.0569084345258	0.585690843453	0.0143747948802	0.343025927141
4	0.0681325894321864	0.386741056776923	0.0	0.545126353790891
5	0.0432556613061913	0.75116508040685	0.0	0.205579258286959
6	0.114998359042025	0.634000656383136	6.5638332786314e-05	0.250935346242054
7	0.102527075812	0.313751230719	0.062356416147	0.521365277322
8	0.0307843780768062	0.593501805054119	0.106202822448021	0.269510994421054
9	0.10088611749295	0.584378076796708	0.0406957663274796	0.274040039382863
10	0.0864456842796432	0.441745979652221	0.0387266163439194	0.433081719724217
11	0.104955694125042	0.621660649819249	0.0701673777486281	0.203216278307081
12	0.0996389891697299	0.462225139481139	0.10127994748903	0.336855923860101
13	0.0420741713159916	0.361864128650928	0.0635379061371873	0.532523793895893
14	0.0528388578930476	0.751624548736677	0.0936659008861843	0.101870692484092
15	0.103052182474928	0.738562520511483	0.0553987528716612	0.102986544141928
16	0.047390876271709	0.00282244830981054	0.0361667213653069	0.913619954053174
17	0.00275680997702992	0.816803413192975	0.114079422382997	0.066360354446998
18	0.0632097144732684	0.907056120774546	0.0	0.0297341647521851
19	0.086314407614	0.183918608467	0.0	0.729766983919
20	0.0	0.698326222514	0.0	0.301673777486
21	0.0983262225139688	0.727141450607509	0.0192320315064135	0.155300295372109
