Pos	A	C	G	T
1	0.220950965825	0.231054977712	0.281723625557	0.266270430906
2	0.244725111441	0.189301634473	0.388855869242	0.177117384844
3	0.322436849925936	0.182020802376964	0.44814264487391	0.0473997028231905
4	0.0869242199108087	0.444576523031044	0.0686478454681069	0.39985141159004
5	0.00312035661218119	0.991976225854377	0.00282317979198107	0.00208023774146079
6	0.972065378900408	0.00846953937593356	0.0101040118871042	0.00936106983655393
7	0.00178306092125094	0.922139673105489	0.00430906389302228	0.071768202080238
8	0.0273402674591027	0.00950965824666095	0.961515601783096	0.00163447251114016
9	0.00252600297177028	0.00653789004458072	0.00505200594354055	0.985884101040108
10	0.00178306092124988	0.00638930163446955	0.989895988112931	0.00193164933134986
11	0.872213967310564	0.0267459138186866	0.0728083209509636	0.0282317979197859
12	0.00668647845468013	0.830609212481017	0.0375928677563008	0.125111441308003
13	0.146210995542029	0.546805349183109	0.0796433878158159	0.227340267459045
14	0.253491827637254	0.284843982169285	0.203417533432203	0.258246656761258
15	0.232392273403	0.282020802377	0.278603268945	0.206983655275
16	0.227191679049	0.274888558692	0.295393759287	0.202526002972
