Pos	A	C	G	T
1	0.218052738337	0.219630380888	0.325445120577	0.236871760198
2	0.315303132747252	0.233829163849187	0.369506423259296	0.0813612801442651
3	0.0235519495154047	0.0240027045301048	0.0196078431373039	0.932837502817187
4	0.0143114717150971	0.025129592066695	0.935654721658813	0.024904214559395
5	0.939486139283282	0.0107054315979032	0.0329051160694099	0.0169033130494051
6	0.0236646382691071	0.805273833671242	0.0625422582826188	0.108519269777033
7	0.108519269777033	0.0625422582826188	0.805273833671242	0.0236646382691071
8	0.0169033130494051	0.0329051160694099	0.0107054315979032	0.939486139283282
9	0.024904214559395	0.935654721658813	0.025129592066695	0.0143114717150971
10	0.932837502817187	0.0196078431373039	0.0240027045301048	0.0235519495154047
11	0.0813612801442651	0.369506423259296	0.233829163849187	0.315303132747252
12	0.236871760198	0.325445120577	0.219630380888	0.218052738337
