Pos	A	C	G	T
1	0.376219908913	0.131750162655	0.184531554977	0.307498373455
2	0.431766428106568	0.105888093688894	0.108490566037892	0.353854912166646
3	0.306441119063	0.114183474301	0.104830839297	0.474544567339
4	0.225601821731	0.167778139232	0.131018217306	0.475601821731
5	0.103692257645021	0.0579050097593116	0.0592875731945119	0.779115159401156
6	0.0517241379309897	0.0567664281066887	0.836206896551833	0.0553025374104889
7	0.143949251788986	0.774154196486923	0.0444046844501956	0.0374918672738962
8	0.0490403383213814	0.0306603773584883	0.00439167208847833	0.915907612231652
9	0.0479017566688	0.0195998698764	0.850357839948	0.0821405335068
10	0.91916070266754	0.0227716330513886	0.0196811971372902	0.0383864671437808
11	0.0905172413792547	0.590029277813705	0.228854912166886	0.0905985686401547
12	0.0756343526349849	0.020087833441796	0.0227716330513954	0.881506180871824
13	0.0849056603773745	0.83222186076775	0.0255367599218923	0.0573357189329828
14	0.888662979830849	0.00853936239426855	0.035621340273294	0.0671763175015886
15	0.0415582303188083	0.0302537410540061	0.817826935589164	0.110361093038022
16	0.0390370852310156	0.867436564736347	0.0503415744958201	0.0431847755368173
17	0.807986337020081	0.049934938191305	0.0465191932336046	0.0955595315550095
18	0.486824983734513	0.132970071567867	0.163305139882837	0.216899804814783
19	0.472186076773472	0.100927130774101	0.102309694209102	0.324577098243325
20	0.361255692908253	0.104912166558073	0.0961288223813673	0.437703318152306
21	0.300585556278301	0.197218607677197	0.119063109954119	0.383132726090383
