Pos	A	C	G	T
1	0.256502317037744	0.238633991566761	0.236254331398764	0.268609359996731
2	0.262347096397	0.237673777815	0.25078278295	0.249196342838
3	0.400868367219	0.129503611239	0.204400283889	0.265227737653
4	0.272032730764136	0.0757733895545379	0.467415355070234	0.184778524611092
5	0.20494301340098	0.0768588485784923	0.69865987558993	0.019538262430598
6	0.0313113179977094	0.0711393144909213	0.039953241765112	0.857596125746257
7	0.00208742119984914	0.991775560472593	0.00430008767168824	0.00183693065586925
8	0.981964680833295	0.00571953408759172	0.00317288022377095	0.00914290485534274
9	0.00225441489584036	0.778816849664125	0.0144867031270023	0.204442032313033
10	0.204483780737033	0.0144867031270023	0.778775101240125	0.00225441489584036
11	0.00914290485534274	0.00317288022377095	0.00571953408759172	0.981964680833295
12	0.00183693065586925	0.00430008767168824	0.991817308896593	0.00204567277584916
13	0.857804867866171	0.039911493341108	0.0710558176429142	0.0312278211498062
14	0.019538262430598	0.69874337243793	0.0769005970024923	0.20481776812898
15	0.184778524611092	0.467331858222234	0.0757733895545379	0.272116227612136
16	0.265269486077	0.204358535465	0.129545359663	0.400826618795
17	0.249238091262	0.250657537678	0.237715526239	0.262388844821
18	0.268692856844731	0.236254331398764	0.238550494718761	0.256502317037744
