Pos	A	C	G	T
1	0.214690867839	0.257373794668	0.369682359614	0.158252977879
2	0.186613726602	0.398184912082	0.287719795803	0.127481565513
3	0.619256948382876	0.0981281905841804	0.178672716959964	0.103942144072979
4	0.0300623936472117	0.0246738513897096	0.941435053885367	0.00382870107771149
5	0.00397050482133111	0.981281905842275	0.0110606920023031	0.00368689733409103
6	0.967101531480435	0.00865002836075389	0.0106352807714048	0.0136131593874061
7	0.002977878616	0.0397050482133	0.950510493477	0.0068065796937
8	0.023397617697107	0.89946114577427	0.0741633579126222	0.00297787861600089
9	0.00779920589903735	0.00978445830969667	0.0102098695405965	0.97220646625067
10	0.00255246738513944	0.00340328984684925	0.990782756664782	0.00326148610322928
11	0.0473624503687142	0.310975609756093	0.49957458876915	0.142087351106043
12	0.209444129325	0.306863301191	0.243618831537	0.240073737947
13	0.217385138968	0.251276233693	0.351389676687	0.179948950652
