Pos	A	C	G	T
1	0.306916927354693	0.203163017031797	0.328814737573671	0.161105318039839
2	0.165450121654983	0.251824817517975	0.49478623566195	0.0879388251650912
3	0.215676051442173	0.67535627389654	0.0615224191867492	0.047445255474538
4	0.00417101147028196	0.983489746263462	0.00677789363921319	0.00556134862704261
5	0.937261035801206	0.0425790754258094	0.0125130344108028	0.00764685436218168
6	0.00417101147028025	0.977233229058059	0.0137295794230008	0.00486618004866029
7	0.801876955161679	0.0205074730621918	0.157108098713937	0.0205074730621918
8	0.00712547792840214	0.961244351755288	0.0215502259298065	0.010079944386503
9	0.079944386513716	0.887904066736178	0.0168578380257034	0.0152937087244031
10	0.00955856795273124	0.960027806743125	0.0092109836635412	0.0212026416406028
11	0.612095933264184	0.238442822384072	0.0582203684393175	0.0912408759124274
12	0.0820298922489082	0.571080987139057	0.171011470282017	0.175877650330018
13	0.21011470281521	0.382342718109382	0.15015641293015	0.257386166145257
