Pos	A	C	G	T
1	0.154770848986	0.31889898231	0.331671333925	0.194658834779
2	0.115019465883115	0.4003824875354	0.2995697015233	0.185028345058185
3	0.0867427088313653	0.62441090089475	0.169728843657932	0.119117546615952
4	0.576736561709885	0.110853083805978	0.234478519226953	0.0779318352571844
5	0.0129089543063948	0.895567242674642	0.0485622566764806	0.0429615463424828
6	0.0217198278806087	0.0178266511850071	0.0234273615190094	0.937026159415375
7	0.0121576395054976	0.0228809507546954	0.0187145686769963	0.946246841062811
8	0.00853766819206239	0.972542859094272	0.0111331193225031	0.00778635339116218
9	0.00874257222866851	0.965098012430836	0.0143432825626976	0.011816132777798
10	0.0159825148554952	0.0426200396147872	0.771327095143769	0.170070350385949
11	0.0135919677617905	0.102178812922928	0.851649477494404	0.0325797418208772
12	0.143774332354	0.300321016324	0.365822006694	0.190082644628
13	0.193019602486	0.284611706851	0.239874325524	0.282494365139
