Pos	A	C	G	T
1	0.471245186136	0.088189987163	0.105263157895	0.335301668806
2	0.389473684210611	0.104749679075895	0.10988446726589	0.395892169447604
3	0.263928112965264	0.183440308087183	0.144030808729144	0.408600770218409
4	0.101283697047	0.0614890885751	0.0462130937099	0.791014120668
5	0.0329910141206901	0.0508344030808848	0.880102695763736	0.0360718870346892
6	0.126444159178076	0.831707317073499	0.0124518613607075	0.0293966623877176
7	0.0436456996148983	0.0392811296533984	0.00372272143773985	0.913350449293963
8	0.0433889602053826	0.0163029525031935	0.857124518613657	0.0831835686777667
9	0.921951219512092	0.019768934531502	0.019512195122002	0.0387676508344039
10	0.0825417201539752	0.552246469832834	0.282798459563915	0.0824133504492753
11	0.0712451861360929	0.0189987163029981	0.0184852374839982	0.891270860076911
12	0.0845956354300423	0.832092426187416	0.0256739409499128	0.0576379974326288
13	0.879460847240062	0.00808729139923057	0.0477535301669033	0.0646983311938045
14	0.0347881899872209	0.011681643132207	0.845956354300508	0.107573812580065
15	0.0290115532733942	0.886264441591823	0.0490372272143902	0.0356867779203929
16	0.804621309371	0.0422336328626	0.0590500641849	0.0940949935815
17	0.418356867779	0.150706033376	0.17971758665	0.251219512195
18	0.395121951219684	0.111424903722911	0.0955070603337236	0.397946084723682
19	0.336713735557899	0.107317073170968	0.0875481386392737	0.468421052631859
