Pos	A	C	G	T
1	0.169811	0.216981	0.103774	0.509434
2	0.09434	0.424528	0.066038	0.415094
3	0.150943150943151	0.216981216981217	0.150943150943151	0.481132481132481
4	0.122642	0.386792	0.160377	0.330189
5	0.169811	0.622642	0.0	0.207547
6	0.264151	0.462264	0.103774	0.169811
7	0.349056650943349	0.0	0.103773896226104	0.547169452830547
8	0.113207886792113	0.301886698113302	0.264150735849264	0.320754679245321
9	0.273584726415274	0.066037933962066	0.122641877358123	0.537735462264538
10	0.018868	0.650943	0.301887	0.028302
11	0.188679	0.198113	0.0	0.613208
12	0.0	0.179245	0.122642	0.698113
13	0.066038	0.754717	0.04717	0.132075
14	0.198113	0.584906	0.0	0.216981
15	0.0	0.575472	0.037736	0.386792
16	0.132075	0.358491	0.141509	0.367925
17	0.018868	0.349057	0.0	0.632075
18	0.132075	0.556604	0.037736	0.273585
19	0.009434	0.556604	0.009434	0.424528
20	0.0849059150940849	0.566037433962566	0.0188679811320189	0.33018866981133
21	0.084906	0.481132	0.0	0.433962
22	0.0188679811320189	0.349056650943349	0.0849059150940849	0.547169452830547
23	0.169811	0.264151	0.198113	0.367925
24	0.084906	0.396226	0.254717	0.264151
25	0.113208	0.377358	0.056604	0.45283
26	0.028302	0.54717	0.150943	0.273585
27	0.235849	0.301887	0.0	0.462264
28	0.0	0.481132	0.066038	0.45283
29	0.150943	0.471698	0.018868	0.358491
30	0.141508858491142	0.367924632075368	0.122641877358123	0.367924632075368
