Pos	A	C	G	T
1	0.243286573146	0.242084168337	0.28376753507	0.230861723447
2	0.179959919839946	0.0705410821642788	0.106613226452968	0.642885771542807
3	0.0765531062123694	0.0665330661322734	0.760320641282696	0.0965931863726613
4	0.953507014028	0.011623246493	0.0184368737475	0.0164328657315
5	0.0541082164328513	0.123847695390889	0.203206412825817	0.618837675350443
6	0.0228456913827877	0.00881763527053524	0.0468937875751747	0.921442885771502
7	0.0128256513026013	0.0176352705411018	0.941883767535094	0.0276553106212028
8	0.898597194388793	0.00841683366732806	0.0801603206412816	0.012825651302597
9	0.00761523046092213	0.969539078156271	0.0100200400802028	0.0128256513026036
10	0.919038076152276	0.010020040080203	0.0368737474950111	0.0340681362725102
11	0.10501002004	0.159919839679	0.583567134269	0.151503006012
12	0.205210420841795	0.302204408817698	0.317835671342682	0.174749498997825
