Pos	A	C	G	T
1	0.311553030303312	0.174242424242174	0.244318181818244	0.26988636363627
2	0.393939393939	0.16571969697	0.255681818182	0.184659090909
3	0.233901515151766	0.134469696969866	0.257575757575742	0.374053030302626
4	0.135416666666905	0.0265151515151814	0.821969696969425	0.0160984848484887
5	0.0568181818182142	0.00473484848485118	0.0416666666667104	0.896780303030224
6	0.949810606060601	0.0350378787878853	0.00946969696969602	0.00568181818181761
7	0.946022727272688	0.0350378787878884	0.0104166666666966	0.00852272727272719
8	0.967803030303	0.0123106060606	0.0094696969697	0.0104166666667
9	0.0094696969697	0.907196969697	0.0113636363636	0.0719696969697
10	0.961174242424288	0.0151515151515045	0.0113636363636034	0.0123106060606037
11	0.484848484848	0.188446969697	0.193181818182	0.133522727273
12	0.175189393939018	0.190340909091019	0.537878787879054	0.0965909090909097
13	0.229166666667	0.254734848485	0.342803030303	0.173295454545
14	0.267992424242268	0.272727272727273	0.255681818182256	0.203598484848204
