Pos	A	C	G	T
1	0.351383028598	0.21284575715	0.232770745429	0.203000468823
2	0.359821847163964	0.0625879043600937	0.225738396623977	0.351851851851965
3	0.0696202531645861	0.0117205813407977	0.904360056258819	0.0142991092357971
4	0.0318799812470904	0.0356305672760893	0.0241443975620928	0.908345053914728
5	0.956633849038885	0.0304735114861963	0.00656352555086921	0.00632911392404924
6	0.945616502578527	0.0332864510079834	0.00421940928269789	0.0168776371307916
7	0.976324425691561	0.00468823253632789	0.0131270511016941	0.00586029067041736
8	0.00890764181902973	0.932255039849972	0.00703234880449979	0.0518049695264984
9	0.962259728082567	0.00328176277542852	0.0086732301922161	0.0257852789497884
10	0.211908110642	0.159165494609	0.509142053446	0.119784341303
11	0.353492733239646	0.202297233942798	0.219174871073781	0.225035161743775
12	0.305438349742	0.220581340835	0.212376933896	0.261603375527
