Pos	A	C	G	T
1	0.52422907489	0.110866372981	0.243024963289	0.12187958884
2	0.640234948605256	0.0726872246696291	0.141703377386057	0.145374449339058
3	0.673274596182269	0.0837004405286335	0.136563876652055	0.106461086637043
4	0.285609397944286	0.213656387665214	0.340675477239341	0.16005873715116
5	0.250367107195	0.193098384728	0.179882525698	0.376651982379
6	0.215859030836978	0.0205580029368979	0.751101321585925	0.0124816446401988
7	0.949339207048456	0.0	0.0425844346549204	0.00807635829662388
8	0.980910425844373	0.0036710719530114	0.0102790014684039	0.00513950073421195
9	0.9875183553598	0.0	0.000734214390601852	0.0117474302495976
10	0.154185022026	0.253303964758	0.577826725404	0.014684287812
11	0.126284875183937	0.174743024962913	0.0286343612334857	0.670337738619665
12	0.082966226138	0.0	0.917033773862	0.0
13	0.955947136563895	0.00293685756240968	0.0411160058736955	0.0
14	0.977239353891293	0.0	0.0227606461087068	0.0
15	0.991189427312782	0.0	0.0	0.00881057268721806
16	0.0293685756240853	0.371512481644814	0.581497797356709	0.0176211453743912
17	0.121145374449024	0.265051395007053	0.0741556534508148	0.539647577093108
18	0.474302496329	0.108663729809	0.315712187959	0.101321585903
19	0.479441997063	0.155653450808	0.237885462555	0.127019089574
20	0.422907488987	0.184287812041	0.208516886931	0.184287812041
21	0.337738619677	0.1953010279	0.234948604993	0.23201174743
