Pos	A	C	G	T
1	0.382436260623077	0.126770538244025	0.409348441926082	0.0814447592068163
2	0.442634560907	0.104815864023	0.250708215297	0.201841359773
3	0.0127478753541062	0.106940509915052	0.871813031161427	0.00849858356941417
4	0.0127478753540974	0.903682719546819	0.0240793201132952	0.0594900849857881
5	0.0786118980169843	0.024787535410795	0.880311614730824	0.0162889518413967
6	0.0665722379602734	0.0623229461755751	0.0212464589234915	0.84985835694066
7	0.0113314447592034	0.0262039660057079	0.959631728045288	0.00283286118980085
8	0.880311614730912	0.0276203966005972	0.049575070821495	0.0424929178469958
9	0.0226628895183955	0.924220963172815	0.0403682719546919	0.0127478753540975
10	0.0488668555240853	0.76558073654377	0.0835694050991749	0.101983002832969
11	0.266997167139	0.286827195467	0.220963172805	0.225212464589
12	0.186260623229	0.285410764873	0.254249291785	0.274079320113
