Pos	A	C	G	T
1	0.280707	0.12455	0.271114	0.323627
2	0.249181	0.147627	0.211865	0.391327
3	0.221809	0.347085	0.329584	0.101523
4	0.107605	0.14197	0.0243	0.726125
5	0.011442	0.004384	0.001849	0.982325
6	0.988088	0.002891	0.004992	0.00403
7	0.989233	0.003349	0.003214	0.004205
8	0.030858	0.002306	0.007706	0.959129
9	0.007501	0.037948	0.005291	0.949259
10	0.057157	0.001954	0.935487	0.005402
11	0.20398	0.168533	0.441833	0.185654
12	0.007283	0.067214	0.01913	0.906374
13	0.050396	0.133551	0.036917	0.779135
14	0.145237	0.047814	0.299011	0.507939
15	0.163881	0.085403	0.178383	0.572333
16	0.195273	0.119509	0.224549	0.460669
