Pos	A	C	G	T
1	0.0518973	0.393415	0.362165	0.192522
2	0.0920759	0.757254	0.0407366	0.109933
3	0.0496652	0.22154	0.688058	0.0407366
4	0.0585937	0.826451	0.0362723	0.078683
5	0.34654	0.0541295	0.516183	0.0831473
6	0.243862	0.138951	0.469308	0.147879
7	0.228237	0.0385045	0.446987	0.286272
8	0.00725446	0.0206473	0.953683	0.0184152
9	0.0697545	0.65904	0.22154	0.0496652
10	0.498326	0.397879	0.0385045	0.0652902
11	0.0117188	0.223772	0.0117188	0.75279
12	0.0139509	0.185826	0.404576	0.395647
13	0.112165	0.705915	0.107701	0.0742188
14	0.0184152	0.188058	0.000558036	0.792969
15	0.00502232	0.000558036	0.993862	0.000558036
16	0.000558036	0.000558036	0.998326	0.000558036
17	0.00948661	0.000558036	0.982701	0.00725446
18	0.90904	0.016183	0.0385045	0.0362723
19	0.382254	0.123326	0.404576	0.0898438
20	0.239397	0.143415	0.150112	0.467076
21	0.0518973	0.134487	0.125558	0.688058
