Pos	A	C	G	T
1	0.022044	0.701403	0.092184	0.184369
2	0.122244	0.056112	0.06012	0.761523
3	0.068136	0.07014	0.496994	0.364729
4	0.054108	0.785571	0.074148	0.086172
5	0.002004	0.821643	0.018036	0.158317
6	0.034068	0.843687	0.008016	0.114228
7	0.04008	0.0501	0.016032	0.893788
8	0.06012	0.012024	0.905812	0.022044
9	0.172345	0.11022	0.611222	0.106212
10	0.106212	0.102204	0.685371	0.106212
11	0.55511	0.254509	0.086172	0.104208
12	0.092184	0.402806	0.184369	0.320641
13	0.106212	0.196393	0.114228	0.583166
14	0.114228	0.154309	0.124248	0.607214
15	0.092184	0.158317	0.092184	0.657315
