Pos	A	C	G	T
1	0.023529	0.073529	0.026471	0.876471
2	0.05	0.75	0.032353	0.167647
3	0.870588	0.032353	0.05	0.047059
4	0.029412	0.079412	0.067647	0.823529
5	0.088235	0.041176	0.082353	0.788235
6	0.020588	0.094118	0.020588	0.864706
7	0.152941	0.311765	0.032353	0.502941
8	0.008824	0.029412	0.020588	0.941176
9	0.132353	0.017647	0.832353	0.017647
10	0.947059	0.026471	0.011765	0.014706
11	0.908824	0.0	0.055882	0.035294
12	0.179412	0.017647	0.744118	0.058824
13	0.126471	0.094118	0.735294	0.044118
14	0.820588	0.041176	0.05	0.088235
15	0.041176	0.267647	0.023529	0.667647
16	0.85	0.020588	0.097059	0.032353
17	0.170588	0.029412	0.629412	0.170588
18	0.044118	0.385294	0.055882	0.514706
19	0.064706	0.076471	0.041176	0.817647
20	0.005882	0.029412	0.005882	0.958824
21	0.020588	0.067647	0.038235	0.873529
