Pos	A	C	G	T
1	0.06772	0.406685	0.13404	0.391556
2	0.241136	0.413352	0.285453	0.06006
3	0.231186	0.034385	0.283133	0.451295
4	0.041401	0.090666	0.112185	0.755747
5	0.04843	0.043396	0.864813	0.043361
6	0.063428	0.844506	0.040122	0.051943
7	0.806669	0.032184	0.131469	0.029678
8	0.490867	0.256044	0.07734	0.175748
9	0.097772	0.030187	0.052103	0.819938
10	0.092487	0.014353	0.018085	0.875075
11	0.060683	0.069298	0.013468	0.856551
12	0.047969	0.117032	0.031771	0.803227
13	0.088516	0.176487	0.146437	0.588561
14	0.226415	0.206044	0.250427	0.317114
15	0.124046	0.34122	0.244656	0.290079
