Pos	A	C	G	T
1	0.308355	0.350796	0.210212	0.130637
2	0.149204	0.0696286	0.0404509	0.740716
3	0.045756	0.00066313	0.950265	0.00331565
4	0.342838	0.59748	0.0112732	0.0484085
5	0.28183	0.045756	0.0643236	0.60809
6	0.00066313	0.00066313	0.998011	0.00066313
7	0.0537135	0.0988064	0.470159	0.377321
8	0.990053	0.00596817	0.00331565	0.00066313
9	0.910477	0.0855438	0.00066313	0.00331565
10	0.00066313	0.0377984	0.00862069	0.952918
11	0.0112732	0.952918	0.0112732	0.0245358
12	0.0828912	0.220822	0.00862069	0.687666
13	0.138594	0.512599	0.22878	0.120027
14	0.231432	0.366711	0.194297	0.20756
15	0.284483	0.191645	0.28183	0.242042
