Pos	A	C	G	T
1	0.182	0.42	0.102	0.296
2	0.162	0.336	0.108	0.394
3	0.134	0.388	0.138	0.34
4	0.094	0.222	0.158	0.526
5	0.11	0.474	0.118	0.298
6	0.452	0.286	0.226	0.036
7	0.024	0.85	0.028	0.098
8	0.012	0.006	0.004	0.978
9	0.0	0.228	0.01	0.762
10	0.002	0.0	0.002	0.996
11	0.0	0.974	0.0	0.026
12	0.304	0.296	0.026	0.374
13	0.108	0.728	0.05	0.114
14	0.06	0.324	0.01	0.606
15	0.124	0.286	0.116	0.474
