Pos	A	C	G	T
1	0.120823	0.313625	0.419023	0.14653
2	0.195373	0.190231	0.501285	0.113111
3	0.066838	0.017995	0.722365	0.192802
4	0.203085	0.596401	0.125964	0.07455
5	0.079692	0.817481	0.033419	0.069409
6	0.133676	0.159383	0.383033	0.323907
7	0.015424	0.902314	0.012853	0.069409
8	0.0	0.007712	0.020566	0.971722
9	0.0	0.992288	0.007712	0.0
10	0.0	0.0	0.0	1.0
11	0.794344	0.012853	0.172237	0.020566
12	0.0	0.03856	0.737789	0.22365
13	0.030848	0.44473	0.501285	0.023136
14	0.323907	0.501285	0.095116	0.079692
15	0.182519	0.298201	0.215938	0.303342
16	0.133676	0.311054	0.354756	0.200514
17	0.123393	0.475578	0.231362	0.169666
18	0.138817	0.33419	0.308483	0.218509
19	0.161954	0.298201	0.349614	0.190231
20	0.136247	0.264781	0.411311	0.187661
