Pos	A	C	G	T
1	0.126	0.142	0.658	0.074
2	0.452	0.088	0.164	0.296
3	0.09	0.062	0.686	0.162
4	0.22	0.598	0.048	0.134
5	0.03	0.956	0.006	0.008
6	0.074	0.072	0.004	0.85
7	0.226	0.038	0.68	0.056
8	0.064	0.42	0.438	0.078
9	0.064	0.092	0.076	0.768
10	0.828	0.128	0.018	0.026
11	0.012	0.964	0.006	0.018
12	0.37	0.084	0.168	0.378
13	0.018	0.404	0.554	0.024
14	0.5	0.072	0.104	0.324
15	0.062	0.034	0.834	0.07
16	0.078	0.746	0.046	0.13
17	0.164	0.628	0.066	0.142
