Pos	A	C	G	T
1	0.296827	0.229925	0.305543	0.167705
2	0.16059	0.209652	0.252301	0.377457
3	0.280808	0.066769	0.583378	0.069045
4	0.597724	0.086665	0.146039	0.169572
5	0.014247	0.129912	0.017679	0.838162
6	0.004993	0.97618	0.00412	0.014705
7	0.005095	0.010258	0.007567	0.977081
8	0.952008	0.004908	0.040909	0.002175
9	0.00327	0.003979	0.988532	0.004218
10	0.965754	0.01063	0.002774	0.020842
11	0.965193	0.007784	0.008145	0.018879
12	0.003277	0.968779	0.003366	0.024578
13	0.317296	0.410516	0.203825	0.068363
14	0.029935	0.418575	0.042249	0.509241
15	0.266254	0.187129	0.221211	0.325407
16	0.354395	0.220642	0.212259	0.212703
17	0.213356	0.27355	0.349409	0.163685
