Pos	A	C	G	T
1	0.00868726	0.919884	0.0125483	0.0588803
2	0.000965251	0.112934	0.668919	0.217181
3	0.0241313	0.765444	0.166988	0.0434363
4	0.132239	0.688224	0.0395753	0.139961
5	0.0125483	0.000965251	0.962355	0.0241313
6	0.0241313	0.935328	0.0357143	0.00482625
7	0.000965251	0.993243	0.000965251	0.00482625
8	0.0125483	0.3639	0.0472973	0.576255
9	0.128378	0.120656	0.668919	0.0820463
10	0.398649	0.32529	0.228764	0.0472973
11	0.00868726	0.124517	0.506757	0.360039
12	0.000965251	0.0241313	0.329151	0.645753
13	0.000965251	0.0472973	0.00482625	0.946911
14	0.000965251	0.854247	0.000965251	0.143822
15	0.0781853	0.1361	0.290541	0.495174
