Pos	A	C	G	T
1	0.01634	0.042484	0.006536	0.934641
2	0.006536	0.035948	0.029412	0.928105
3	0.143791	0.140523	0.604575	0.111111
4	0.029412	0.143791	0.01634	0.810458
5	0.715686	0.062092	0.156863	0.065359
6	0.51634	0.006536	0.447712	0.029412
7	0.183007	0.081699	0.676471	0.058824
8	0.705882	0.052288	0.039216	0.202614
9	0.25817	0.009804	0.72549	0.006536
10	0.006536	0.833333	0.003268	0.156863
11	0.009804	0.003268	0.003268	0.98366
12	0.009804	0.934641	0.0	0.055556
13	0.006536	0.006536	0.0	0.986928
14	0.0	0.0	0.003268	0.996732
15	0.0	0.01634	0.009804	0.973856
16	0.820261	0.006536	0.163399	0.009804
17	0.003268	0.254902	0.0	0.74183
18	0.934641	0.003268	0.019608	0.042484
19	0.0	0.0	0.0	1.0
20	0.918301	0.006536	0.062092	0.013072
21	0.009804	0.026144	0.058824	0.905229
