Pos	A	C	G	T
1	0.116998	0.503311	0.229581	0.15011
2	0.189845	0.381898	0.15894	0.269316
3	0.214128	0.090508	0.547461	0.147903
4	0.041943	0.057395	0.759382	0.14128
5	0.0	1.0	0.0	0.0
6	0.0	0.0	0.0	1.0
7	0.0	1.0	0.0	0.0
8	0.11479	0.633554	0.006623	0.245033
9	0.792494	0.019868	0.152318	0.03532
10	0.011038	0.041943	0.589404	0.357616
11	0.169978	0.673289	0.134658	0.022075
12	0.472406	0.046358	0.253863	0.227373
13	0.041943	0.565121	0.055188	0.337748
14	0.077263	0.701987	0.081678	0.139073
15	0.094923	0.443709	0.218543	0.242826
