Pos	A	C	G	T
1	0.359784	0.0877225	0.303395	0.249099
2	0.141422	0.0361456	0.820995	0.00143752
3	0.0268731	0.404701	0.00718762	0.561238
4	0.024679	0.705206	0.0315049	0.23861
5	0.0704386	0.0129712	0.897869	0.0187213
6	0.0129377	0.0189292	0.390997	0.577136
7	0.071583	0.372569	0.0821798	0.473668
8	0.181673	0.00143752	0.809669	0.00722119
9	0.00718762	0.00143752	0.00143752	0.989937
10	0.00143752	0.978437	0.0186878	0.00143752
11	0.030255	0.0779296	0.0304293	0.861386
12	0.0765965	0.0187213	0.71301	0.191673
