Pos	A	C	G	T
1	0.0201422	0.00592417	0.0248815	0.949052
2	0.0533175	0.00118483	0.911137	0.0343602
3	0.0390995	0.792654	0.00592417	0.162322
4	0.0106635	0.0864929	0.00118483	0.901659
5	0.00118483	0.0106635	0.00592417	0.982227
6	0.0343602	0.0580569	0.18128	0.726303
7	0.0485782	0.0770142	0.0296209	0.844787
8	0.707346	0.00592417	0.219194	0.0675355
9	0.00118483	0.0154028	0.911137	0.0722749
10	0.0248815	0.863744	0.00592417	0.10545
11	0.00592417	0.683649	0.0106635	0.299763
12	0.242891	0.0580569	0.0912322	0.60782
13	0.0201422	0.896919	0.00592417	0.0770142
14	0.238152	0.328199	0.0154028	0.418246
15	0.0533175	0.171801	0.299763	0.475118
