Pos	A	C	G	T
1	0.0778846	0.177885	0.531731	0.2125
2	0.000961538	0.6625	0.0394231	0.297115
3	0.200962	0.266346	0.0701923	0.4625
4	0.0586538	0.358654	0.385577	0.197115
5	0.0355769	0.4625	0.124038	0.377885
6	0.308654	0.327885	0.193269	0.170192
7	0.000961538	0.185577	0.127885	0.685577
8	0.354808	0.297115	0.0894231	0.258654
9	0.124038	0.439423	0.258654	0.177885
10	0.000961538	0.308654	0.100962	0.589423
11	0.250962	0.389423	0.0625	0.297115
12	0.0125	0.4125	0.0317308	0.543269
13	0.000961538	0.0471154	0.00480769	0.947115
14	0.000961538	0.950962	0.000961538	0.0471154
15	0.000961538	0.997115	0.000961538	0.000961538
