Pos	A	C	G	T
1	0.149485	0.409794	0.306701	0.134021
2	0.195876	0.384021	0.157216	0.262887
3	0.188144	0.108247	0.597938	0.10567
4	0.015464	0.03866	0.811856	0.134021
5	0.005155	0.994845	0.0	0.0
6	0.0	0.0	0.0	1.0
7	0.0	1.0	0.0	0.0
8	0.126289	0.690722	0.012887	0.170103
9	0.814433	0.012887	0.152062	0.020619
10	0.010309	0.036082	0.68299	0.270619
11	0.152062	0.652062	0.177835	0.018041
12	0.42268	0.064433	0.298969	0.213918
13	0.030928	0.597938	0.072165	0.298969
14	0.087629	0.698454	0.092784	0.121134
15	0.136598	0.39433	0.208763	0.260309
