Pos	A	C	G	T
1	0.104947	0.471257	0.243984	0.179813
2	0.195856	0.308155	0.243984	0.252005
3	0.0701872	0.0621658	0.765374	0.102273
4	0.0220588	0.858957	0.0274064	0.0915775
5	0.0140374	0.936497	0.00601604	0.0434492
6	0.0220588	0.0381016	0.217246	0.722594
7	0.000668449	0.992647	0.00601604	0.000668449
8	0.000668449	0.877674	0.00601604	0.115642
9	0.0782086	0.134358	0.409759	0.377674
10	0.000668449	0.971257	0.000668449	0.0274064
11	0.00601604	0.901738	0.0220588	0.0701872
12	0.383021	0.412433	0.161096	0.0434492
13	0.0354278	0.0220588	0.000668449	0.941845
14	0.000668449	0.957888	0.000668449	0.0407754
15	0.324198	0.059492	0.340241	0.27607
16	0.0487968	0.201203	0.701203	0.0487968
17	0.500668	0.235963	0.126337	0.137032
18	0.0381016	0.717246	0.129011	0.115642
