Pos	A	C	G	T
1	0.043478	0.362319	0.231884	0.362319
2	0.144928	0.507246	0.144928	0.202899
3	0.246377	0.347826	0.115942	0.289855
4	0.115942	0.202899	0.42029	0.26087
5	0.101449	0.57971	0.15942	0.15942
6	0.0	0.434783	0.144928	0.42029
7	0.144928	0.492754	0.188406	0.173913
8	0.086957	0.826087	0.043478	0.043478
9	0.681159	0.072464	0.014493	0.231884
10	0.0	0.101449	0.898551	0.0
11	0.086957	0.869565	0.028986	0.014493
12	0.0	0.014493	0.028986	0.956522
13	0.434783	0.202899	0.188406	0.173913
14	0.028986	0.971014	0.0	0.0
15	0.0	0.0	0.014493	0.985507
16	0.028986	0.971014	0.0	0.0
17	0.0	0.84058	0.0	0.15942
18	0.130435	0.231884	0.101449	0.536232
19	0.101449	0.492754	0.173913	0.231884
20	0.115942	0.449275	0.144928	0.289855
