Pos	A	C	G	T
1	0.27027	0.15444	0.220077	0.355212
2	0.007722	0.015444	0.942085	0.034749
3	0.0	0.0	0.984556	0.015444
4	0.023166	0.250965	0.366795	0.359073
5	0.023166	0.146718	0.111969	0.718147
6	0.03861	0.123552	0.598456	0.239382
7	0.127413	0.42471	0.19305	0.254826
8	0.374517	0.3861	0.054054	0.185328
9	0.096525	0.177606	0.710425	0.015444
10	0.011583	0.0	0.965251	0.023166
11	0.656371	0.127413	0.216216	0.0
12	0.054054	0.72973	0.03861	0.177606
13	0.042471	0.034749	0.104247	0.818533
14	0.003861	0.003861	0.976834	0.015444
15	0.054054	0.474903	0.007722	0.46332
16	0.050193	0.050193	0.274131	0.625483
17	0.019305	0.11583	0.795367	0.069498
18	0.034749	0.355212	0.138996	0.471042
19	0.247104	0.196911	0.247104	0.30888
20	0.050193	0.710425	0.073359	0.166023
21	0.15444	0.46332	0.061776	0.320463
