Pos	A	C	G	T
1	0.0972222	0.222953	0.500731	0.179094
2	0.129386	0.430556	0.13231	0.307749
3	0.0679825	0.234649	0.138158	0.559211
4	0.111842	0.179094	0.108918	0.600146
5	0.0679825	0.208333	0.0650585	0.658626
6	0.471491	0.0358187	0.483187	0.00950292
7	0.0767544	0.0679825	0.129386	0.725877
8	0.202485	0.00950292	0.243421	0.544591
9	0.234649	0.155702	0.480263	0.129386
10	0.945175	0.0124269	0.000730994	0.0416667
11	0.000730994	0.804825	0.0767544	0.11769
12	0.000730994	0.0211988	0.0416667	0.936404
13	0.0182749	0.778509	0.202485	0.000730994
14	0.722953	0.0855263	0.0767544	0.114766
15	0.000730994	0.898392	0.0504386	0.0504386
