Pos	A	C	G	T
1	0.021186	0.855932	0.03178	0.091102
2	0.014831	0.050847	0.002119	0.932203
3	0.103814	0.0	0.860169	0.036017
4	0.114407	0.048729	0.809322	0.027542
5	0.514831	0.008475	0.444915	0.03178
6	0.008475	0.097458	0.012712	0.881356
7	0.915254	0.014831	0.040254	0.029661
8	0.074153	0.262712	0.006356	0.65678
9	0.936441	0.006356	0.048729	0.008475
10	0.148305	0.044492	0.790254	0.016949
11	0.383475	0.04661	0.07839	0.491525
12	0.963983	0.008475	0.023305	0.004237
13	0.016949	0.016949	0.008475	0.957627
14	0.014831	0.038136	0.027542	0.919492
15	0.019068	0.866525	0.010593	0.103814
16	0.036017	0.059322	0.029661	0.875
17	0.120763	0.072034	0.120763	0.686441
18	0.127119	0.004237	0.830508	0.038136
