Pos	A	C	G	T
1	0.271368	0.157407	0.448006	0.123219
2	0.257123	0.399573	0.114672	0.228632
3	0.391026	0.0776353	0.499288	0.0320513
4	0.698718	0.0776353	0.188746	0.0349003
5	0.701567	0.0548433	0.225783	0.0178063
6	0.000712251	0.992165	0.000712251	0.00641026
7	0.00356125	0.000712251	0.000712251	0.995014
8	0.000712251	0.957977	0.000712251	0.0405983
9	0.0149573	0.906695	0.0149573	0.0633903
10	0.0121083	0.000712251	0.000712251	0.986467
11	0.80698	0.108974	0.0804843	0.00356125
12	0.0491453	0.402422	0.0804843	0.467949
13	0.242877	0.131766	0.208689	0.416667
14	0.0576923	0.724359	0.0519943	0.165954
15	0.690171	0.0633903	0.117521	0.128917
16	0.231481	0.197293	0.180199	0.391026
17	0.117521	0.701567	0.0747863	0.106125
18	0.0690883	0.801282	0.0149573	0.114672
