Pos	A	C	G	T
1	0.0489822	0.0184478	0.883588	0.0489822
2	0.0591603	0.71056	0.0388041	0.191476
3	0.0515267	0.601145	0.0489822	0.298346
4	0.033715	0.0133588	0.0973282	0.855598
5	0.0820611	0.00318066	0.914122	0.000636132
6	0.0209924	0.736005	0.033715	0.209288
7	0.377226	0.0591603	0.110051	0.453562
8	0.000636132	0.000636132	0.998092	0.000636132
9	0.354326	0.611323	0.033715	0.000636132
10	0.669847	0.028626	0.183842	0.117684
11	0.000636132	0.0311705	0.00826972	0.959924
12	0.0311705	0.0362595	0.104962	0.827608
13	0.677481	0.0540712	0.0846056	0.183842
14	0.0998728	0.000636132	0.888677	0.0108142
15	0.0413486	0.837786	0.0667939	0.0540712
