Pos	A	C	G	T
1	0.2125	0.0847222	0.518056	0.184722
2	0.0347222	0.00138889	0.945833	0.0180556
3	0.0347222	0.0291667	0.934722	0.00138889
4	0.195833	0.145833	0.495833	0.1625
5	0.0236111	0.484722	0.00138889	0.490278
6	0.00138889	0.00138889	0.951389	0.0458333
7	0.851389	0.101389	0.0458333	0.00138889
8	0.00138889	0.295833	0.0347222	0.668056
9	0.00138889	0.0180556	0.9625	0.0180556
10	0.8125	0.1125	0.0180556	0.0569444
11	0.00138889	0.906944	0.00138889	0.0902778
12	0.0347222	0.729167	0.0569444	0.179167
13	0.523611	0.0569444	0.329167	0.0902778
14	0.129167	0.423611	0.151389	0.295833
15	0.0291667	0.0458333	0.0458333	0.879167
16	0.0680556	0.584722	0.251389	0.0958333
17	0.0847222	0.306944	0.0736111	0.534722
18	0.156944	0.123611	0.473611	0.245833
19	0.223611	0.0902778	0.545833	0.140278
20	0.195833	0.401389	0.1625	0.240278
21	0.1125	0.301389	0.134722	0.451389
22	0.234722	0.229167	0.173611	0.3625
23	0.151389	0.3625	0.240278	0.245833
24	0.240278	0.229167	0.201389	0.329167
25	0.145833	0.206944	0.234722	0.4125
26	0.284722	0.273611	0.173611	0.268056
27	0.129167	0.334722	0.295833	0.240278
