Pos	A	C	G	T
1	0.278533	0.322011	0.197011	0.202446
2	0.137228	0.474185	0.115489	0.273098
3	0.0285326	0.675272	0.0557065	0.240489
4	0.126359	0.441576	0.0013587	0.430707
5	0.0013587	0.876359	0.0122283	0.110054
6	0.300272	0.262228	0.0394022	0.398098
7	0.175272	0.0339674	0.46875	0.322011
8	0.0828804	0.316576	0.370924	0.22962
9	0.175272	0.794837	0.017663	0.0122283
10	0.0230978	0.126359	0.0013587	0.849185
11	0.0013587	0.849185	0.0230978	0.126359
12	0.110054	0.338315	0.0013587	0.550272
13	0.110054	0.180707	0.169837	0.539402
14	0.0013587	0.70788	0.044837	0.245924
15	0.0828804	0.577446	0.00679348	0.33288
16	0.0557065	0.245924	0.0013587	0.697011
17	0.0013587	0.822011	0.0991848	0.0774457
18	0.197011	0.360054	0.0122283	0.430707
