Pos	A	C	G	T
1	0.164791	0.515273	0.126206	0.19373
2	0.396302	0.0329582	0.2709	0.299839
3	0.0618971	0.0747588	0.701768	0.161576
4	0.0361736	0.643891	0.0715434	0.248392
5	0.090836	0.434887	0.0265273	0.447749
6	0.0426045	0.576367	0.0136656	0.367363
7	0.0104502	0.0844051	0.0136656	0.891479
8	0.000803859	0.000803859	0.000803859	0.997588
9	0.000803859	0.0200965	0.0426045	0.936495
10	0.0940514	0.0104502	0.106913	0.788585
11	0.48955	0.0876206	0.113344	0.309486
12	0.145498	0.0490354	0.139068	0.666399
13	0.290193	0.0811897	0.422026	0.206592
14	0.579582	0.280547	0.0426045	0.0972669
15	0.0200965	0.595659	0.132637	0.251608
16	0.0618971	0.573151	0.15836	0.206592
17	0.412379	0.258039	0.12299	0.206592
18	0.441318	0.222669	0.296624	0.0393891
19	0.299839	0.357717	0.151929	0.190514
20	0.171222	0.563505	0.090836	0.174437
21	0.225884	0.354502	0.155145	0.264469
