Pos	A	C	G	T
1	0.0633971	0.139952	0.738038	0.0586124
2	0.034689	0.733254	0.125598	0.106459
3	0.139952	0.139952	0.034689	0.685407
4	0.149522	0.101675	0.690191	0.0586124
5	0.163876	0.441388	0.0299043	0.364833
6	0.489234	0.216507	0.264354	0.0299043
7	0.0681818	0.0299043	0.0299043	0.87201
8	0.809809	0.0586124	0.0681818	0.0633971
9	0.379187	0.135167	0.436603	0.0490431
10	0.0155502	0.101675	0.0729665	0.809809
11	0.690191	0.0394737	0.144737	0.125598
12	0.0107656	0.216507	0.0825359	0.690191
13	0.00598086	0.0251196	0.0203349	0.948565
14	0.00119617	0.828947	0.00119617	0.16866
15	0.00598086	0.910287	0.00119617	0.0825359
