Pos	A	C	G	T
1	0.0341981	0.189858	0.0860849	0.689858
2	0.0153302	0.0813679	0.0294811	0.873821
3	0.071934	0.137972	0.180425	0.60967
4	0.00117925	0.920991	0.0153302	0.0625
5	0.0200472	0.71816	0.0153302	0.246462
6	0.0294811	0.623821	0.0389151	0.307783
7	0.00589623	0.0625	0.00589623	0.925708
8	0.0106132	0.571934	0.00117925	0.416274
9	0.00589623	0.321934	0.0294811	0.642689
10	0.00589623	0.0341981	0.0341981	0.925708
11	0.00117925	0.501179	0.00117925	0.496462
12	0.123821	0.251179	0.435142	0.189858
13	0.067217	0.826651	0.0153302	0.0908019
14	0.133255	0.435142	0.0294811	0.402123
15	0.128538	0.321934	0.0625	0.487028
16	0.053066	0.175708	0.123821	0.647406
17	0.0860849	0.114387	0.628538	0.170991
18	0.0436321	0.227594	0.652123	0.0766509
19	0.0247642	0.699292	0.104953	0.170991
20	0.0625	0.454009	0.0436321	0.439858
21	0.26533	0.208726	0.378538	0.147406
22	0.0153302	0.76533	0.0766509	0.142689
23	0.0625	0.444575	0.0625	0.430425
24	0.420991	0.161557	0.303066	0.114387
