Pos	A	C	G	T
1	0.00123152	0.0455661	0.626845	0.326358
2	0.00123152	0.996305	0.00123152	0.00123152
3	0.00123152	0.0899069	0.0209342	0.887927
4	0.00123152	0.986453	0.0110836	0.00123152
5	0.0997496	0.0307879	0.424885	0.444577
6	0.00123152	0.282023	0.690883	0.0258618
7	0.0751224	0.326358	0.2968	0.30172
8	0.00123152	0.996305	0.00123152	0.00123152
9	0.00123152	0.00615758	0.00123152	0.991379
10	0.00123152	0.996305	0.00123152	0.00123152
11	0.144087	0.474143	0.04064	0.34113
12	0.0258681	0.508622	0.149013	0.316496
13	0.035714	0.282022	0.208132	0.474132
14	0.0554229	0.6761	0.114537	0.153939
15	0.0701949	0.277096	0.178576	0.474133
