Pos	A	C	G	T
1	0.32764	0.248965	0.151656	0.271739
2	0.135093	0.145445	0.271739	0.447723
3	0.11853	0.0874741	0.248965	0.545031
4	0.412526	0.0295031	0.468427	0.0895445
5	0.0212215	0.00258799	0.899068	0.0771222
6	0.22205	0.219979	0.391822	0.166149
7	0.168219	0.0419255	0.0274327	0.762422
8	0.000517598	0.000517598	0.000517598	0.998447
9	0.0170807	0.0212215	0.060559	0.901139
10	0.000517598	0.998447	0.000517598	0.000517598
11	0.000517598	0.000517598	0.000517598	0.998447
12	0.000517598	0.0170807	0.952899	0.0295031
13	0.0232919	0.00672878	0.000517598	0.969462
14	0.000517598	0.00258799	0.000517598	0.996377
15	0.17029	0.0957557	0.449793	0.284161
16	0.133023	0.443582	0.155797	0.267598
17	0.124741	0.331781	0.101967	0.441511
18	0.246894	0.128882	0.197205	0.427019
