Pos	A	C	G	T
1	0.51893518349784	0.0883489905469594	0.371480261632838	0.021235564322363
2	0.149510711950447	0.000146994720541663	0.814536899209291	0.0358053941197205
3	0.970845530415507	0.0005928870382994	0.00961195012114802	0.0189496324250461
4	0.842756526831151	0.0152285142424197	0.0789410217977468	0.0630739371286821
5	0.105295903130062	0.30677491276362	0.209388253109194	0.378540930997125
6	0.239184154244121	0.235683868891922	0.294415375898787	0.230716600965171
7	0.0324776932205264	0.068932310336781	0.0643161197270704	0.834273876715622
8	0.00968280755072173	0.164524271522856	0.0516664775466561	0.774126443379766
9	0.178896527088529	0.724435167763275	0.0446848158429476	0.0519834893052485
10	0.0555513546294557	0.0915495817801311	0.038975115424779	0.813923948165634
11	0.699918309949054	0.0474973112684675	0.243330599174957	0.00925377960752092
12	0.0242223037493586	0.000118996857675059	0.949481040435121	0.0261776589578448
13	0.963005073109678	0.0269297847077558	0.000575198090296822	0.00948994409226902
14	0.958857502545487	0.0093172475360276	0.00900610827618787	0.0228191416422972
