Pos	A	C	G	T
1	0.111035037712022	0.24432463667613	0.235182019124561	0.409458306487286
2	0.189840587539254	0.188299350768902	0.265820594247486	0.356039467444357
3	0.569017140069669	0.0976289229448822	0.137158581747975	0.196195355237474
4	0.0854173991437749	0.554009008621506	0.15858667005723	0.201986922177489
5	0.179739876385406	0.623403079786172	0.0474448300629037	0.149412213765518
6	0.130192828628345	0.147261168745659	0.0853756875135973	0.637170315112399
7	0.408891604602165	0.128639412212707	0.112231528637471	0.350237454547657
8	0.0974274452474417	0.234067862559584	0.0339115766001847	0.634593115592789
9	0.750867714152281	0.12516479673658	0.046002562289294	0.077964926821845
10	0.865616833654118	0.018378416921348	0.0187978598205915	0.0972068896039427
11	0.0972068896039427	0.0187978598205915	0.018378416921348	0.865616833654118
12	0.077964926821845	0.046002562289294	0.12516479673658	0.750867714152281
13	0.634593115592789	0.0339115766001847	0.234067862559584	0.0974274452474418
14	0.495841396485407	0.0410157546302047	0.0605974826879068	0.402545366196481
15	0.637170315112399	0.0853756875135973	0.147261168745659	0.130192828628345
16	0.196999189529308	0.262911021197849	0.146775321825025	0.393314467447818
17	0.174056240683454	0.275034199432353	0.271500176360954	0.279409383523239
18	0.525089119221665	0.104155219960608	0.101553379794318	0.26920228102341
19	0.156339763141373	0.290116234108469	0.455860307415754	0.097683695334404
20	0.249417704303418	0.381034110436179	0.201073956860395	0.168474228400009
21	0.336249009871668	0.172951917753923	0.229269948847173	0.261529123527235
