Pos	A	C	G	T
1	0.047	0.694	0.181	0.078
2	0.059	0.109	0.749	0.083
3	0.014	0.102	0.013	0.871
4	0.034034034034034	0.24024024024024	0.109109109109109	0.616616616616617
5	0.234	0.022	0.66	0.084
6	0.051	0.535	0.199	0.215
7	0.03	0.718	0.029	0.223
8	0.723	0.06	0.19	0.027
9	0.092	0.207	0.055	0.646
10	0.206	0.054	0.702	0.038
11	0.228228228228228	0.012012012012012	0.752752752752753	0.00700700700700701
12	0.048048048048048	0.624624624624625	0.127127127127127	0.2002002002002
13	0.651	0.062	0.048	0.239
14	0.805	0.052	0.113	0.03
15	0.023	0.851	0.064	0.062
16	0.209	0.637	0.066	0.088
