Pos	A	C	G	T
1	0.286370733753886	0.270884255270903	0.19383683772914	0.24890817324607
2	0.301020826726945	0.17257637236232	0.176396866714963	0.350005934195772
3	0.12165843835642	0.383999330125929	0.228246717672076	0.266095513845575
4	0.11223145112539	0.36968653456119	0.380802349452727	0.137279664860693
5	0.48324831509524	0.129197372606261	0.122748291064995	0.264806021233504
6	0.65713485811402	0.094376244991129	0.0621645770794004	0.186324319815451
7	0.0811766746481676	0.0249131971603871	0.010075186007047	0.883834942184398
8	0.947483461489588	0.00331348011168544	0.00446200202784366	0.0447410563708831
9	0.0207982955924065	0.00601917867540473	0.0022534175472528	0.970929108184936
10	0.954666564478083	0.00517671597580306	0.00186525680392428	0.0382914627421899
11	0.0120064393591863	0.0043896727909306	0.00241747282109437	0.981186415028789
12	0.955607781900533	0.0238487611969004	0.00785493494591215	0.0126885219566543
13	0.0590850665103625	0.0259269474065105	0.00791603096330321	0.907071955119824
14	0.529665676391438	0.0273320735524773	0.110815807981101	0.332186442074984
15	0.247764863004742	0.266325202290334	0.198824643908511	0.287085290796413
16	0.0844102304391295	0.701617480812779	0.0986461729512941	0.115326115796797
17	0.16019923009357	0.154641268569778	0.139664416843587	0.545495084493064
18	0.484820759405044	0.154575441014762	0.200314680891924	0.16028911868827
19	0.313301359374272	0.0880623823053035	0.345475713311253	0.253160545009171
20	0.323596430722886	0.147499236055967	0.19120349891926	0.337700834301886
21	0.0842364732410761	0.386873641465753	0.250993858127917	0.277896027165253
