Pos	A	C	G	T
1	0.227373068432671	0.379690949227373	0.273730684326711	0.119205298013245
2	0.490066225165563	0.181015452538631	0.187637969094923	0.141280353200883
3	0.214128035320088	0.11037527593819	0.580573951434879	0.0949227373068433
4	0.324503311258278	0.119205298013245	0.512141280353201	0.0441501103752759
5	0.441501103752759	0.130242825607064	0.22075055187638	0.207505518763797
6	0.509933774834437	0.22075055187638	0.207505518763797	0.0618101545253863
7	0.514348785871965	0.181015452538631	0.298013245033113	0.00662251655629139
8	0.011037527593819	0.810154525386314	0.176600441501104	0.0022075055187638
9	0.887417218543046	0.00662251655629139	0.0	0.105960264900662
10	0.0949227373068433	0.0441501103752759	0.730684326710817	0.130242825607064
11	0.326710816777042	0.490066225165563	0.125827814569536	0.0573951434878587
12	0.262693156732892	0.0463576158940397	0.0507726269315673	0.640176600441501
13	0.132450331125828	0.0264900662251656	0.695364238410596	0.145695364238411
14	0.150110375275938	0.203090507726269	0.441501103752759	0.205298013245033
