Pos	A	C	G	T
1	0.216150984221069	0.207523569407422	0.447476993842028	0.128848452529481
2	0.204296688697383	0.139046820895816	0.546133457834015	0.110523032572786
3	0.115712017927661	0.016105870547037	0.864940511663769	0.00324159986153419
4	0.0147039684207188	0.0479417634420003	0.0368723427989734	0.900481925338308
5	0.00172801435531168	0.998271985644689	0.0	0.0
6	0.992754076029614	0.0	0.00350958897092611	0.00373633499946082
7	0.0	0.925639942175108	0.0216270628385129	0.0527329949863795
8	0.101911997975523	0.0	0.898088002024477	0.0
9	0.00335147330296137	0.00760569131202925	0.00389480676501065	0.985148028619999
10	0.00179444343228033	0.0	0.99580379554098	0.00240176102673962
11	0.337647754713995	0.168254583496325	0.395619964500809	0.0984776972888713
12	0.0583792298134033	0.448617214528615	0.266477998417655	0.226525557240326
13	0.119014815686871	0.46558389336886	0.333898472780827	0.0815028181634421
14	0.251693071463355	0.297924716075605	0.330378233700957	0.120003978760084
15	0.128083207587249	0.370617222107951	0.365258445316934	0.136041124987867
16	0.126024485143142	0.329722742186405	0.384692947156277	0.159559825514176
17	0.161811534770869	0.326009978383481	0.388493613370092	0.123684873475558
18	0.127109022198659	0.379031920562924	0.313208069348622	0.180650987889796
19	0.122245454275368	0.274501737650992	0.385159383704882	0.218093424368759
