Pos	A	C	G	T
1	0.189583333333333	0.4375	0.175	0.197916666666667
2	0.21875	0.245833333333333	0.160416666666667	0.375
3	0.220833333333333	0.254166666666667	0.427083333333333	0.0979166666666667
4	0.00625	0.98125	0.00416666666666667	0.00833333333333333
5	0.98125	0.00416666666666667	0.0	0.0145833333333333
6	0.00625	0.614583333333333	0.358333333333333	0.0208333333333333
7	0.00833333333333333	0.979166666666667	0.00208333333333333	0.0104166666666667
8	0.00833333333333333	0.00208333333333333	0.00208333333333333	0.9875
9	0.00416666666666667	0.00416666666666667	0.977083333333333	0.0145833333333333
10	0.00833333333333333	0.78125	0.0833333333333333	0.127083333333333
11	0.08125	0.420833333333333	0.00625	0.491666666666667
12	0.102083333333333	0.385416666666667	0.275	0.2375
13	0.13125	0.491666666666667	0.0979166666666667	0.279166666666667
14	0.166666666666667	0.40625	0.152083333333333	0.275
