Pos	A	C	G	T
1	0.186	0.186	0.386	0.242
2	0.482	0.146	0.12	0.252
3	0.12	0.318	0.462	0.1
4	0.088	0.042	0.006	0.864
5	0.154	0.81	0.024	0.012
6	0.982	0.01	0.0	0.008
7	0.264	0.056	0.198	0.482
8	0.664	0.064	0.042	0.23
9	0.39	0.218	0.182	0.21
10	0.2	0.12	0.178	0.502
11	0.106	0.02	0.856	0.018
12	0.756	0.042	0.16	0.042
13	0.882	0.008	0.064	0.046
14	0.94	0.014	0.016	0.03
15	0.078	0.502	0.39	0.03
16	0.216	0.244	0.056	0.484
17	0.268	0.206	0.354	0.172
