Pos	A	C	G	T
1	0.078	0.414	0.218	0.29
2	0.058	0.634	0.164	0.144
3	0.014	0.148	0.016	0.822
4	0.036	0.012	0.002	0.95
5	0.994	0.002	0.0	0.004
6	0.0	0.0	0.0	1.0
7	0.0	0.996	0.002	0.002
8	0.32	0.008	0.032	0.64
9	0.08	0.328	0.474	0.118
10	0.162	0.378	0.17	0.29
11	0.22	0.318	0.308	0.154
12	0.192	0.406	0.21	0.192
13	0.186	0.386	0.214	0.214
14	0.18	0.364	0.226	0.23
15	0.264	0.324	0.226	0.186
16	0.188	0.484	0.27	0.058
17	0.21	0.72	0.036	0.034
18	0.63	0.152	0.148	0.07
19	0.166	0.16	0.572	0.102
