Pos	A	C	G	T
1	0.181260290624828	0.450721609038875	0.209561542440836	0.158456557895464
2	0.285277609618061	0.369486129431362	0.187886944381479	0.157349316569104
3	0.0560685008443677	0.224668666661691	0.0200558564066714	0.699206976087267
4	0.024481776123733	0.872139579805608	0.0783605505121026	0.0250180935585485
5	0.549545026884344	0.0110182106640535	0.149964409818225	0.289472352633378
6	0.0125552699372696	0.646750799488943	0.229675543265607	0.111018387308179
7	0.113137804438904	0.490635837930688	0.220591369806156	0.175634987824254
8	0.00232943143003245	0.940018237088472	0.00570710700357951	0.0519452244779076
9	0.0363615718580608	0.908992037793467	0.0331928750837735	0.0214535152646909
10	0.740552495705547	0.0612859399534999	0.0485441936782927	0.149617370662656
11	0.0551362409782142	0.568715821171138	0.165129373898342	0.211018563952306
12	0.112789059753842	0.412020450931937	0.301953719451088	0.173236769863137
13	0.117871597195408	0.375035710482517	0.24675666266017	0.260336029661909
