Pos	A	C	G	T
1	0.244	0.288	0.356	0.112
2	0.258	0.332	0.296	0.114
3	0.58	0.042	0.358	0.02
4	0.002	0.006	0.036	0.956
5	0.004	0.024	0.966	0.006
6	0.958	0.008	0.022	0.012
7	0.022	0.788	0.15	0.04
8	0.096	0.058	0.054	0.792
9	0.082	0.832	0.032	0.054
10	0.804	0.028	0.092	0.076
11	0.032	0.008	0.916	0.044
12	0.026	0.932	0.038	0.004
13	0.76	0.052	0.088	0.1
