Pos	A	C	G	T
1	0.244	0.036	0.108	0.612
2	0.062	0.05	0.868	0.02
3	0.916	0.034	0.026	0.024
4	0.12	0.398	0.312	0.17
5	0.64	0.074	0.236	0.05
6	0.308	0.292	0.222	0.178
7	0.534	0.028	0.102	0.336
8	0.462	0.094	0.252	0.192
9	0.388	0.126	0.304	0.182
10	0.16	0.614	0.224	0.002
11	0.008	0.988	0.002	0.002
12	0.984	0.0	0.0	0.016
13	0.022	0.006	0.948	0.024
14	0.508	0.052	0.402	0.038
15	0.146	0.452	0.266	0.136
16	0.218	0.496	0.132	0.154
17	0.204	0.44	0.114	0.242
