Pos	A	C	G	T
1	0.254	0.072	0.046	0.628
2	0.698	0.034	0.164	0.104
3	0.854	0.076	0.04	0.03
4	0.062	0.064	0.058	0.816
5	0.126	0.214	0.288	0.372
6	0.484	0.116	0.34	0.06
7	0.484	0.124	0.29	0.102
8	0.54	0.08	0.1	0.28
9	0.562	0.09	0.072	0.276
10	0.258	0.602	0.124	0.016
11	0.014	0.984	0.002	0.0
12	0.99	0.0	0.002	0.008
13	0.008	0.098	0.68	0.214
14	0.66	0.258	0.064	0.018
15	0.032	0.046	0.02	0.902
16	0.018	0.032	0.896	0.054
17	0.088	0.182	0.282	0.448
