Pos	A	C	G	T
1	0.366	0.306	0.186	0.142
2	0.194	0.11	0.084	0.612
3	0.068	0.212	0.508	0.212
4	0.878	0.02	0.03	0.072
5	0.022	0.316	0.558	0.104
6	0.002	0.012	0.008	0.978
7	0.09	0.85	0.056	0.004
8	0.996	0.0	0.002	0.002
9	0.242	0.022	0.158	0.578
10	0.56	0.084	0.018	0.338
11	0.286	0.23	0.114	0.37
12	0.138	0.396	0.086	0.38
13	0.266	0.046	0.546	0.142
14	0.624	0.052	0.238	0.086
15	0.514	0.024	0.328	0.134
16	0.926	0.044	0.018	0.012
17	0.206	0.346	0.4	0.048
18	0.206	0.264	0.078	0.452
