Pos	A	C	G	T
1	0.186507936507937	0.0238095238095238	0.297619047619048	0.492063492063492
2	0.0992063492063492	0.28968253968254	0.388888888888889	0.222222222222222
3	0.107142857142857	0.281746031746032	0.242063492063492	0.369047619047619
4	0.107142857142857	0.178571428571429	0.313492063492063	0.400793650793651
5	0.0277777777777778	0.861111111111111	0.0238095238095238	0.0873015873015873
6	0.742063492063492	0.0436507936507936	0.119047619047619	0.0952380952380952
7	0.0476190476190476	0.642857142857143	0.0555555555555556	0.253968253968254
8	0.111111111111111	0.126984126984127	0.607142857142857	0.154761904761905
9	0.0833333333333333	0.0436507936507936	0.0634920634920635	0.80952380952381
10	0.0119047619047619	0.0436507936507936	0.849206349206349	0.0952380952380952
11	0.174603174603175	0.166666666666667	0.321428571428571	0.337301587301587
12	0.138888888888889	0.511904761904762	0.146825396825397	0.202380952380952
13	0.26984126984127	0.19047619047619	0.115079365079365	0.424603174603175
14	0.0634920634920635	0.178571428571429	0.599206349206349	0.158730158730159
