Pos	A	C	G	T
1	0.148	0.494	0.21	0.148
2	0.22	0.502	0.124	0.154
3	0.154	0.606	0.136	0.104
4	0.378	0.192	0.182	0.248
5	0.15	0.11	0.634	0.106
6	0.09	0.83	0.03	0.05
7	0.02	0.964	0.0	0.016
8	0.406	0.544	0.01	0.04
9	0.01	0.942	0.002	0.046
10	0.63	0.008	0.184	0.178
11	0.01	0.93	0.036	0.024
12	0.016	0.968	0.008	0.008
13	0.006	0.944	0.004	0.046
14	0.34	0.204	0.034	0.422
