Pos	A	C	G	T
1	0.044	0.316	0.268	0.372
2	0.366	0.116	0.422	0.096
3	0.036	0.326	0.562	0.076
4	0.006	0.584	0.014	0.396
5	0.044	0.012	0.876	0.068
6	0.064	0.86	0.026	0.05
7	0.002	0.984	0.002	0.012
8	0.36	0.588	0.026	0.026
9	0.002	0.612	0.0	0.386
10	0.004	0.992	0.002	0.002
11	0.022	0.054	0.018	0.906
12	0.234	0.074	0.594	0.098
13	0.01	0.322	0.652	0.016
14	0.052	0.242	0.006	0.7
15	0.0	0.002	0.996	0.002
16	0.04	0.036	0.856	0.068
17	0.104	0.554	0.084	0.258
18	0.158	0.522	0.168	0.152
19	0.42	0.126	0.36	0.094
