Pos	A	C	G	T
1	0.530655391120507	0.133192389006343	0.20507399577167	0.13107822410148
2	0.568710359408034	0.0782241014799154	0.25369978858351	0.0993657505285412
3	0.610993657505286	0.0465116279069768	0.177589852008457	0.164904862579281
4	0.505285412262157	0.12262156448203	0.137420718816068	0.234672304439746
5	0.363636363636364	0.224101479915433	0.234672304439746	0.177589852008457
6	0.179704016913319	0.120507399577167	0.109936575052854	0.58985200845666
7	0.0676532769556026	0.112050739957717	0.780126849894292	0.040169133192389
8	0.215644820295983	0.625792811839324	0.0930232558139535	0.06553911205074
9	0.147991543340381	0.12262156448203	0.0570824524312896	0.6723044397463
10	0.20507399577167	0.0422832980972516	0.661733615221987	0.0909090909090909
11	0.767441860465116	0.0591966173361522	0.0887949260042284	0.0845665961945032
12	0.0972515856236787	0.433403805496829	0.41014799154334	0.0591966173361522
13	0.133192389006343	0.0443974630021142	0.0507399577167019	0.771670190274842
14	0.116279069767442	0.744186046511628	0.112050739957717	0.0274841437632135
15	0.847780126849894	0.00634249471458774	0.0613107822410148	0.0845665961945032
16	0.0317124735729387	0.0295983086680761	0.883720930232558	0.0549682875264271
17	0.118393234672304	0.765327695560254	0.0951374207188161	0.0211416490486258
18	0.790697674418605	0.0824524312896406	0.0697674418604651	0.0570824524312896
