Pos	A	C	G	T
1	0.174	0.124	0.43	0.272
2	0.134	0.026	0.706	0.134
3	0.076	0.18	0.606	0.138
4	0.3	0.468	0.03	0.202
5	0.112	0.11	0.642	0.136
6	0.014	0.942	0.018	0.026
7	0.024	0.018	0.01	0.948
8	0.044	0.146	0.796	0.014
9	0.042	0.028	0.066	0.864
10	0.006	0.964	0.006	0.024
11	0.004	0.958	0.008	0.03
12	0.488	0.086	0.3	0.126
13	0.18	0.158	0.11	0.552
14	0.044	0.022	0.904	0.03
15	0.012	0.03	0.944	0.014
16	0.012	0.026	0.014	0.948
17	0.076	0.174	0.676	0.074
18	0.002	0.938	0.04	0.02
19	0.032	0.024	0.028	0.916
20	0.048	0.016	0.924	0.012
21	0.792	0.038	0.142	0.028
22	0.582	0.192	0.084	0.142
