Pos	A	C	G	T
1	0.108882521489971	0.653295128939828	0.0830945558739255	0.154727793696275
2	0.126074498567335	0.120343839541547	0.0458452722063037	0.707736389684814
3	0.0830945558739255	0.64756446991404	0.171919770773639	0.0974212034383954
4	0.71919770773639	0.114613180515759	0.0487106017191977	0.117478510028653
5	0.0343839541547278	0.123209169054441	0.0114613180515759	0.830945558739255
6	0.0515759312320917	0.0229226361031519	0.693409742120344	0.232091690544413
7	0.00573065902578797	0.0458452722063037	0.911174785100287	0.0372492836676218
8	0.00859598853868195	0.0171919770773639	0.00573065902578797	0.968481375358166
9	0.0830945558739255	0.117478510028653	0.744985673352436	0.0544412607449857
10	0.123209169054441	0.412607449856734	0.214899713467049	0.249283667621777
11	0.108882521489971	0.498567335243553	0.0372492836676218	0.355300859598854
12	0.100286532951289	0.255014326647565	0.117478510028653	0.527220630372493
13	0.146131805157593	0.203438395415473	0.217765042979943	0.432664756446991
14	0.458452722063037	0.117478510028653	0.197707736389685	0.226361031518625
15	0.0143266475644699	0.467048710601719	0.0744985673352436	0.444126074498567
16	0.0143266475644699	0.0286532951289398	0.00859598853868195	0.948424068767909
17	0.00286532951289398	0.595988538681948	0.00859598853868195	0.392550143266476
18	0.0659025787965616	0.787965616045845	0.0343839541547278	0.111747851002865
19	0.0401146131805158	0.871060171919771	0.0200573065902579	0.0687679083094556
20	0.0315186246418338	0.249283667621777	0.00859598853868195	0.710601719197708
21	0.0515759312320917	0.140401146131805	0.0630372492836676	0.744985673352436
22	0.100286532951289	0.0716332378223496	0.722063037249284	0.106017191977077
23	0.0544412607449857	0.131805157593123	0.100286532951289	0.713467048710602
24	0.117478510028653	0.126074498567335	0.501432664756447	0.255014326647565
