Pos	A	C	G	T
1	0.12	0.508	0.114	0.258
2	0.186	0.332	0.062	0.42
3	0.06	0.136	0.276	0.528
4	0.026	0.71	0.008	0.256
5	0.02	0.726	0.022	0.232
6	0.046	0.886	0.016	0.052
7	0.232	0.538	0.032	0.198
8	0.102	0.002	0.2	0.696
9	0.004	0.85	0.074	0.072
10	0.052	0.79	0.006	0.152
11	0.044	0.684	0.034	0.238
12	0.09	0.68	0.026	0.204
13	0.008	0.812	0.04	0.14
14	0.458	0.094	0.128	0.32
15	0.092	0.572	0.136	0.2
16	0.098	0.61	0.08	0.212
17	0.126	0.54	0.054	0.28
18	0.156	0.3	0.156	0.388
19	0.142	0.436	0.238	0.184
