Pos	A	C	G	T
1	0.0200400801603206	0.108216432865731	0.735470941883768	0.13627254509018
2	0.0220440881763527	0.943887775551102	0.0280561122244489	0.00601202404809619
3	0.0761523046092185	0.112224448897796	0.0280561122244489	0.783567134268537
4	0.0260521042084168	0.547094188376754	0.326653306613227	0.100200400801603
5	0.00601202404809619	0.284569138276553	0.0100200400801603	0.699398797595191
6	0.00801603206412826	0.0881763527054108	0.0440881763527054	0.859719438877756
7	0.0420841683366734	0.809619238476954	0.0681362725450902	0.0801603206412826
8	0.0280561122244489	0.853707414829659	0.0140280561122245	0.104208416833667
9	0.148296593186373	0.525050100200401	0.0400801603206413	0.286573146292585
10	0.178356713426854	0.282565130260521	0.132264529058116	0.406813627254509
11	0.0360721442885772	0.595190380761523	0.152304609218437	0.216432865731463
12	0.0761523046092185	0.547094188376754	0.0601202404809619	0.316633266533066
13	0.134268537074148	0.474949899799599	0.160320641282565	0.230460921843687
14	0.094188376753507	0.587174348697395	0.094188376753507	0.224448897795591
15	0.102204408817635	0.470941883767535	0.0741482965931864	0.352705410821643
16	0.0340681362725451	0.476953907815631	0.228456913827655	0.260521042084168
17	0.0861723446893788	0.55310621242485	0.0741482965931864	0.286573146292585
18	0.0661322645290581	0.486973947895792	0.156312625250501	0.290581162324649
19	0.0581162324649299	0.57314629258517	0.130260521042084	0.238476953907816
20	0.094188376753507	0.555110220440882	0.130260521042084	0.220440881763527
21	0.0761523046092185	0.472945891783567	0.164328657314629	0.286573146292585
22	0.144288577154309	0.513026052104208	0.13627254509018	0.206412825651303
