Pos	A	C	G	T
1	0.257575757575758	0.204545454545455	0.117424242424242	0.420454545454545
2	0.208333333333333	0.545454545454545	0.0984848484848485	0.147727272727273
3	0.306818181818182	0.511363636363636	0.102272727272727	0.0795454545454545
4	0.303030303030303	0.0606060606060606	0.0303030303030303	0.606060606060606
5	0.00757575757575758	0.132575757575758	0.0606060606060606	0.799242424242424
6	0.0378787878787879	0.257575757575758	0.200757575757576	0.503787878787879
7	0.0871212121212121	0.329545454545455	0.0643939393939394	0.518939393939394
8	0.0227272727272727	0.0946969696969697	0.253787878787879	0.628787878787879
9	0.386363636363636	0.0568181818181818	0.507575757575758	0.0492424242424242
10	0.5	0.0189393939393939	0.21969696969697	0.261363636363636
11	0.0265151515151515	0.0113636363636364	0.651515151515151	0.310606060606061
12	0.0378787878787879	0.424242424242424	0.496212121212121	0.0416666666666667
13	0.291666666666667	0.549242424242424	0.102272727272727	0.0568181818181818
14	0.34469696969697	0.359848484848485	0.0303030303030303	0.265151515151515
15	0.102272727272727	0.272727272727273	0.178030303030303	0.446969696969697
16	0.0303030303030303	0.0757575757575758	0.0606060606060606	0.833333333333333
17	0.00757575757575758	0.28030303030303	0.053030303030303	0.659090909090909
18	0.15530303030303	0.166666666666667	0.65530303030303	0.0227272727272727
19	0.814393939393939	0.071969696969697	0.0454545454545455	0.0681818181818182
20	0.053030303030303	0.0303030303030303	0.109848484848485	0.806818181818182
21	0.0984848484848485	0.0757575757575758	0.640151515151515	0.185606060606061
22	0.632575757575758	0.128787878787879	0.0681818181818182	0.170454545454545
