Pos	A	C	G	T
1	0.150812064965197	0.0997679814385151	0.139211136890951	0.610208816705337
2	0.0672853828306265	0.1415313225058	0.74245939675174	0.048723897911833
3	0.294663573085847	0.631090487238979	0.048723897911833	0.0255220417633411
4	0.074245939675174	0.0812064965197216	0.00464037122969838	0.839907192575406
5	0.0765661252900232	0.0278422273781903	0.80046403712297	0.0951276102088167
6	0.877030162412993	0.0162412993039443	0.0208816705336427	0.08584686774942
7	0.0556844547563805	0.480278422273782	0.431554524361949	0.0324825986078886
8	0.0232018561484919	0.00232018561484919	0.00232018561484919	0.97215777262181
9	0.0232018561484919	0.965197215777262	0.00232018561484919	0.00928074245939675
10	0.981438515081207	0.0	0.0116009280742459	0.00696055684454757
11	0.00464037122969838	0.0	0.932714617169374	0.0626450116009281
12	0.0	0.990719257540603	0.00928074245939675	0.0
13	0.904872389791183	0.00696055684454757	0.037122969837587	0.0510440835266821
14	0.34338747099768	0.157772621809745	0.201856148491879	0.296983758700696
15	0.39907192575406	0.0324825986078886	0.048723897911833	0.519721577726218
16	0.306264501160093	0.0696055684454756	0.0394431554524362	0.584686774941995
17	0.192575406032483	0.225058004640371	0.074245939675174	0.508120649651972
18	0.148491879350348	0.255220417633411	0.11368909512761	0.482598607888631
