Pos	A	C	G	T
1	0.0661322645290581	0.525050100200401	0.120240480961924	0.288577154308617
2	0.104208416833667	0.352705410821643	0.104208416833667	0.438877755511022
3	0.118236472945892	0.569138276553106	0.13627254509018	0.176352705410822
4	0.0981963927855712	0.55310621242485	0.12625250501002	0.222444889779559
5	0.0841683366733467	0.380761523046092	0.114228456913828	0.420841683366733
6	0.0981963927855712	0.62124248496994	0.092184368737475	0.188376753507014
7	0.0681362725450902	0.591182364729459	0.108216432865731	0.232464929859719
8	0.0861723446893788	0.390781563126253	0.110220440881764	0.412825651302605
9	0.0581162324649299	0.717434869739479	0.114228456913828	0.110220440881764
10	0.092184368737475	0.340681362725451	0.150300601202405	0.416833667334669
11	0.0721442885771543	0.424849699398798	0.160320641282565	0.342685370741483
12	0.160320641282565	0.629258517034068	0.166332665330661	0.0440881763527054
13	0.0501002004008016	0.635270541082164	0.210420841683367	0.104208416833667
14	0.00801603206412826	0.0460921843687375	0.00801603206412826	0.937875751503006
15	0.0160320641282565	0.847695390781563	0.110220440881764	0.0260521042084168
16	0.0400801603206413	0.909819639278557	0.00200400801603206	0.0480961923847695
17	0.00200400801603206	0.0	0.0140280561122245	0.983967935871744
18	0.00200400801603206	0.957915831663327	0.0220440881763527	0.0180360721442886
19	0.0360721442885772	0.919839679358718	0.0200400801603206	0.0240480961923848
20	0.0521042084168337	0.711422845691383	0.0340681362725451	0.202404809619239
