Pos	A	C	G	T
1	0.352	0.134	0.132	0.382
2	0.358	0.098	0.078	0.466
3	0.254	0.14	0.098	0.508
4	0.16	0.27	0.154	0.416
5	0.086	0.086	0.06	0.768
6	0.048	0.088	0.846	0.018
7	0.072	0.828	0.02	0.08
8	0.11	0.156	0.028	0.706
9	0.116	0.078	0.666	0.14
10	0.754	0.064	0.112	0.07
11	0.05	0.428	0.488	0.034
12	0.026	0.018	0.018	0.938
13	0.048	0.91	0.032	0.01
14	0.928	0.006	0.032	0.034
15	0.008	0.006	0.854	0.132
16	0.002	0.932	0.036	0.03
17	0.764	0.044	0.07	0.122
18	0.186	0.242	0.22	0.352
19	0.182	0.116	0.082	0.62
20	0.142	0.176	0.046	0.636
21	0.122	0.252	0.034	0.592
22	0.158	0.246	0.136	0.46
