Pos	A	C	G	T
1	0.558577405857741	0.096234309623431	0.309623430962343	0.0355648535564854
2	0.0523012552301255	0.00836820083682008	0.0167364016736402	0.922594142259414
3	0.0502092050209205	0.0313807531380753	0.864016736401674	0.0543933054393306
4	0.903765690376569	0.0292887029288703	0.0334728033472803	0.0334728033472803
5	0.0794979079497908	0.684100418410042	0.165271966527197	0.0711297071129707
6	0.169456066945607	0.0627615062761506	0.0376569037656904	0.730125523012552
7	0.146443514644351	0.587866108786611	0.131799163179916	0.133891213389121
8	0.700836820083682	0.0167364016736402	0.156903765690377	0.125523012552301
9	0.0794979079497908	0.0648535564853557	0.826359832635983	0.0292887029288703
10	0.0523012552301255	0.841004184100419	0.0711297071129707	0.0355648535564854
11	0.786610878661088	0.0732217573221757	0.0418410041841004	0.098326359832636
12	0.336820083682008	0.144351464435146	0.332635983263598	0.186192468619247
13	0.334728033472803	0.112970711297071	0.175732217573222	0.376569037656904
14	0.359832635983264	0.152719665271967	0.110878661087866	0.376569037656904
