Pos	A	C	G	T
1	0.169042769857434	0.488798370672098	0.203665987780041	0.138492871690428
2	0.044806517311609	0.623217922606925	0.0142566191446029	0.317718940936864
3	0.054989816700611	0.313645621181263	0.217922606924644	0.413441955193483
4	0.0407331975560082	0.773930753564155	0.0570264765784114	0.128309572301426
5	0.189409368635438	0.576374745417515	0.0753564154786151	0.158859470468432
6	0.171079429735234	0.34826883910387	0.240325865580448	0.240325865580448
7	0.0224032586558045	0.494908350305499	0.191446028513238	0.291242362525458
8	0.0305498981670061	0.578411405295316	0.0631364562118126	0.327902240325866
9	0.0712830957230143	0.606924643584521	0.160896130346232	0.160896130346232
10	0.0631364562118126	0.765784114052953	0.142566191446029	0.0285132382892057
11	0.338085539714868	0.553971486761711	0.0285132382892057	0.0794297352342159
12	0.0162932790224033	0.00814663951120163	0.558044806517312	0.417515274949084
13	0.054989816700611	0.615071283095723	0.118126272912424	0.211812627291242
14	0.010183299389002	0.84725050916497	0.0162932790224033	0.126272912423625
15	0.0264765784114053	0.692464358452139	0.065173116089613	0.215885947046843
16	0.120162932790224	0.706720977596741	0.0305498981670061	0.142566191446029
17	0.0712830957230143	0.623217922606925	0.0610997963340122	0.244399185336049
18	0.118126272912424	0.136456211812627	0.287169042769857	0.458248472505092
19	0.0325865580448065	0.841140529531568	0.0855397148676171	0.0407331975560082
20	0.0916496945010183	0.682281059063137	0.0835030549898167	0.142566191446029
21	0.19755600814664	0.639511201629328	0.0264765784114053	0.136456211812627
22	0.114052953156823	0.560081466395112	0.0916496945010183	0.234215885947047
