Pos	A	C	G	T
1	0.13855421686747	0.481927710843374	0.218875502008032	0.160642570281125
2	0.134538152610442	0.530120481927711	0.242971887550201	0.0923694779116466
3	0.168674698795181	0.495983935742972	0.204819277108434	0.130522088353414
4	0.273092369477912	0.162650602409639	0.381526104417671	0.182730923694779
5	0.14859437751004	0.14859437751004	0.618473895582329	0.0843373493975904
6	0.070281124497992	0.843373493975904	0.0100401606425703	0.0763052208835342
7	0.0421686746987952	0.755020080321285	0.0180722891566265	0.184738955823293
8	0.244979919678715	0.724899598393574	0.0261044176706827	0.00401606425702811
9	0.00401606425702811	0.981927710843374	0.00602409638554217	0.00803212851405623
10	0.271084337349398	0.0	0.642570281124498	0.0863453815261044
11	0.00200803212851406	0.985943775100402	0.00803212851405623	0.00401606425702811
12	0.00200803212851406	0.991967871485944	0.0	0.00602409638554217
13	0.0	0.965863453815261	0.0	0.034136546184739
14	0.251004016064257	0.359437751004016	0.0441767068273092	0.345381526104418
15	0.110441767068273	0.315261044176707	0.246987951807229	0.327309236947791
16	0.072289156626506	0.495983935742972	0.186746987951807	0.244979919678715
17	0.112449799196787	0.423694779116466	0.204819277108434	0.259036144578313
18	0.0883534136546185	0.461847389558233	0.22289156626506	0.226907630522088
19	0.126506024096386	0.471887550200803	0.188755020080321	0.21285140562249
