Pos	A	C	G	T
1	0.118	0.436	0.182	0.264
2	0.15	0.456	0.082	0.312
3	0.128	0.406	0.128	0.338
4	0.172	0.696	0.022	0.11
5	0.06	0.842	0.01	0.088
6	0.3	0.004	0.476	0.22
7	0.014	0.93	0.032	0.024
8	0.022	0.958	0.004	0.016
9	0.014	0.892	0.002	0.092
10	0.554	0.41	0.004	0.032
11	0.04	0.87	0.034	0.056
12	0.212	0.046	0.506	0.236
13	0.05	0.808	0.03	0.112
14	0.298	0.354	0.112	0.236
15	0.082	0.46	0.18	0.278
16	0.234	0.318	0.128	0.32
17	0.11	0.41	0.248	0.232
