Pos	A	C	G	T
1	0.306	0.122	0.362	0.21
2	0.132	0.486	0.074	0.308
3	0.07	0.032	0.022	0.876
4	0.012	0.02	0.95	0.018
5	0.014	0.556	0.102	0.328
6	0.026	0.434	0.052	0.488
7	0.062	0.726	0.026	0.186
8	0.24	0.06	0.014	0.686
9	0.006	0.134	0.05	0.81
10	0.02	0.01	0.018	0.952
11	0.044	0.116	0.07	0.77
12	0.172	0.332	0.158	0.338
