Pos	A	C	G	T
1	0.148148148148148	0.0452674897119342	0.773662551440329	0.0329218106995885
2	0.127572016460905	0.0390946502057613	0.804526748971194	0.0288065843621399
3	0.0205761316872428	0.0699588477366255	0.0452674897119342	0.864197530864198
4	0.01440329218107	0.94238683127572	0.0205761316872428	0.0226337448559671
5	0.0329218106995885	0.0699588477366255	0.0246913580246914	0.872427983539095
6	0.0329218106995885	0.438271604938272	0.0802469135802469	0.448559670781893
7	0.358024691358025	0.037037037037037	0.57201646090535	0.0329218106995885
8	0.0246913580246914	0.917695473251029	0.0349794238683128	0.0226337448559671
9	0.10082304526749	0.0452674897119342	0.0288065843621399	0.825102880658436
10	0.440329218106996	0.300411522633745	0.220164609053498	0.0390946502057613
11	0.0288065843621399	0.0925925925925926	0.037037037037037	0.841563786008231
12	0.11522633744856	0.0905349794238683	0.751028806584362	0.0432098765432099
13	0.0267489711934156	0.0987654320987654	0.0617283950617284	0.812757201646091
14	0.0185185185185185	0.0617283950617284	0.0925925925925926	0.827160493827161
15	0.00823045267489712	0.0349794238683128	0.921810699588478	0.0349794238683128
16	0.00617283950617284	0.833333333333333	0.0679012345679012	0.0925925925925926
17	0.00411522633744856	0.934156378600823	0.0246913580246914	0.037037037037037
18	0.0164609053497942	0.958847736625514	0.0123456790123457	0.0123456790123457
19	0.798353909465021	0.0843621399176955	0.0349794238683128	0.0823045267489712
20	0.0267489711934156	0.0288065843621399	0.917695473251029	0.0267489711934156
