Pos	A	C	G	T
1	0.0912863070539419	0.271784232365145	0.24896265560166	0.387966804979253
2	0.024896265560166	0.87344398340249	0.016597510373444	0.0850622406639004
3	0.016597510373444	0.941908713692946	0.0062240663900415	0.0352697095435685
4	0.0103734439834025	0.979253112033195	0.0	0.0103734439834025
5	0.128630705394191	0.740663900414938	0.0020746887966805	0.128630705394191
6	0.12655601659751	0.0020746887966805	0.109958506224066	0.761410788381743
7	0.004149377593361	0.964730290456432	0.004149377593361	0.0269709543568465
8	0.0062240663900415	0.979253112033195	0.004149377593361	0.0103734439834025
9	0.0062240663900415	0.896265560165975	0.016597510373444	0.0809128630705394
10	0.016597510373444	0.975103734439834	0.004149377593361	0.004149377593361
11	0.0103734439834025	0.968879668049793	0.00829875518672199	0.012448132780083
12	0.470954356846473	0.174273858921162	0.0767634854771784	0.278008298755187
13	0.141078838174274	0.508298755186722	0.180497925311203	0.170124481327801
14	0.103734439834025	0.603734439834025	0.0892116182572614	0.203319502074689
15	0.132780082987552	0.45850622406639	0.178423236514523	0.230290456431535
