Pos	A	C	G	T
1	0.18	0.216	0.178	0.426
2	0.208	0.144	0.44	0.208
3	0.182	0.626	0.086	0.106
4	0.144	0.126	0.054	0.676
5	0.048	0.316	0.068	0.568
6	0.04	0.044	0.012	0.904
7	0.004	0.876	0.008	0.112
8	0.038	0.524	0.046	0.392
9	0.956	0.02	0.016	0.008
10	0.13	0.004	0.812	0.054
11	0.028	0.066	0.838	0.068
12	0.672	0.096	0.136	0.096
13	0.776	0.072	0.026	0.126
