Pos	A	C	G	T
1	0.0273972602739726	0.0986301369863014	0.0301369863013699	0.843835616438356
2	0.120547945205479	0.0383561643835616	0.753424657534247	0.0876712328767123
3	0.0410958904109589	0.868493150684932	0.0136986301369863	0.0767123287671233
4	0.0164383561643836	0.0493150684931507	0.00547945205479452	0.928767123287671
5	0.0657534246575343	0.00821917808219178	0.876712328767123	0.0493150684931507
6	0.145205479452055	0.0410958904109589	0.786301369863014	0.0273972602739726
7	0.561643835616438	0.0246575342465753	0.383561643835617	0.0301369863013699
8	0.0136986301369863	0.131506849315069	0.0136986301369863	0.841095890410959
9	0.923287671232877	0.010958904109589	0.0246575342465753	0.0410958904109589
10	0.0931506849315069	0.273972602739726	0.0164383561643836	0.616438356164384
11	0.92054794520548	0.010958904109589	0.063013698630137	0.00547945205479452
12	0.186301369863014	0.0493150684931507	0.753424657534247	0.010958904109589
13	0.438356164383562	0.0602739726027397	0.052054794520548	0.449315068493151
14	0.934246575342466	0.0191780821917808	0.0356164383561644	0.010958904109589
15	0.0219178082191781	0.0219178082191781	0.0136986301369863	0.942465753424658
16	0.0219178082191781	0.0465753424657534	0.0383561643835616	0.893150684931507
17	0.0273972602739726	0.824657534246576	0.0191780821917808	0.128767123287671
18	0.0273972602739726	0.0410958904109589	0.0328767123287671	0.898630136986302
19	0.13972602739726	0.052054794520548	0.156164383561644	0.652054794520548
20	0.142465753424658	0.00273972602739726	0.794520547945206	0.0602739726027397
21	0.0328767123287671	0.0136986301369863	0.934246575342466	0.0191780821917808
22	0.0602739726027397	0.224657534246575	0.00547945205479452	0.709589041095891
23	0.0273972602739726	0.0246575342465753	0.0465753424657534	0.901369863013699
24	0.0575342465753425	0.0164383561643836	0.879452054794521	0.0465753424657534
