Pos	A	C	G	T
1	0.3805	0.0645	0.5005	0.0545
2	0.4865	0.0605	0.4205	0.0325
3	0.8625	0.0765	0.0365	0.0245
4	0.0165	0.9005	0.0385	0.0445
5	0.0445	0.0905	0.0185	0.8465
6	0.8045	0.1085	0.0265	0.0605
7	0.0225	0.9025	0.0405	0.0345
8	0.7825	0.0805	0.0965	0.0405
9	0.4905	0.1005	0.0945	0.3145
10	0.1185	0.3465	0.0945	0.4405
11	0.0625	0.0605	0.0205	0.8565
12	0.0145	0.9525	0.0025	0.0305
13	0.0065	0.9805	0.0005	0.0125
14	0.0105	0.9665	0.0065	0.0165
15	0.8345	0.0125	0.1445	0.0085
16	0.0805	0.1005	0.6965	0.1225
17	0.446	0.32	0.188	0.046
18	0.678	0.048	0.238	0.036
19	0.092	0.052	0.376	0.48
20	0.054	0.258	0.582	0.106
21	0.034	0.902	0.038	0.026
22	0.288	0.416	0.054	0.242
