Pos	A	C	G	T
1	0.0810810810810811	0.43980343980344	0.105651105651106	0.373464373464374
2	0.523341523341523	0.267813267813268	0.0933660933660934	0.115479115479115
3	0.0565110565110565	0.154791154791155	0.115479115479115	0.673218673218673
4	0.484029484029484	0.238329238329238	0.117936117936118	0.15970515970516
5	0.587223587223587	0.253071253071253	0.0909090909090909	0.0687960687960688
6	0.132678132678133	0.474201474201474	0.0933660933660934	0.2997542997543
7	0.108108108108108	0.0909090909090909	0.135135135135135	0.665847665847666
8	0.0122850122850123	0.0319410319410319	0.904176904176904	0.0515970515970516
9	0.027027027027027	0.845208845208845	0.0221130221130221	0.105651105651106
10	0.0614250614250614	0.862407862407863	0.027027027027027	0.0491400491400492
11	0.0122850122850123	0.948402948402949	0.0147420147420147	0.0245700245700246
12	0.0565110565110565	0.194103194103194	0.0417690417690418	0.707616707616708
13	0.027027027027027	0.0319410319410319	0.894348894348895	0.0466830466830467
14	0.0294840294840295	0.85995085995086	0.0393120393120393	0.0712530712530713
15	0.14004914004914	0.058968058968059	0.14987714987715	0.651105651105651
16	0.0614250614250614	0.0982800982800983	0.751842751842752	0.0884520884520885
17	0.262899262899263	0.621621621621622	0.0540540540540541	0.0614250614250614
18	0.142506142506143	0.520884520884521	0.0540540540540541	0.282555282555283
