Pos	A	C	G	T
1	0.29126213592233	0.0194174757281553	0.58252427184466	0.106796116504854
2	0.058252427184466	0.0776699029126214	0.757281553398058	0.106796116504854
3	0.0776699029126214	0.621359223300971	0.16504854368932	0.135922330097087
4	0.0194174757281553	0.213592233009709	0.0194174757281553	0.747572815533981
5	0.00970873786407767	0.0388349514563107	0.844660194174757	0.106796116504854
6	0.0485436893203883	0.339805825242718	0.0970873786407767	0.514563106796116
7	0.00970873786407767	0.912621359223301	0.029126213592233	0.0485436893203883
8	0.00970873786407767	0.58252427184466	0.0194174757281553	0.388349514563107
9	0.194174757281553	0.184466019417476	0.29126213592233	0.330097087378641
10	0.145631067961165	0.349514563106796	0.223300970873786	0.281553398058252
11	0.271844660194175	0.213592233009709	0.349514563106796	0.16504854368932
12	0.106796116504854	0.271844660194175	0.495145631067961	0.12621359223301
13	0.233009708737864	0.543689320388349	0.058252427184466	0.16504854368932
14	0.184466019417476	0.0776699029126214	0.475728155339806	0.262135922330097
15	0.271844660194175	0.446601941747573	0.155339805825243	0.12621359223301
16	0.029126213592233	0.135922330097087	0.0	0.83495145631068
17	0.0194174757281553	0.0388349514563107	0.815533980582524	0.12621359223301
18	0.0194174757281553	0.87378640776699	0.00970873786407767	0.0970873786407767
19	0.0388349514563107	0.922330097087379	0.0	0.0388349514563107
20	0.0388349514563107	0.0485436893203883	0.0485436893203883	0.864077669902913
21	0.0970873786407767	0.106796116504854	0.699029126213592	0.0970873786407767
22	0.475728155339806	0.155339805825243	0.0388349514563107	0.330097087378641
