Pos	A	C	G	T
1	0.192468619246862	0.0920502092050209	0.656903765690377	0.0585774058577406
2	0.0711297071129707	0.112970711297071	0.0794979079497908	0.736401673640168
3	0.44979079497908	0.0376569037656904	0.303347280334728	0.209205020920502
4	0.163179916317992	0.0418410041841004	0.696652719665272	0.098326359832636
5	0.0711297071129707	0.0564853556485356	0.661087866108787	0.211297071129707
6	0.395397489539749	0.0836820083682008	0.46652719665272	0.0543933054393306
7	0.0690376569037657	0.129707112970711	0.0502092050209205	0.751046025104603
8	0.0271966527196653	0.805439330543933	0.0167364016736402	0.150627615062762
9	0.0857740585774059	0.0627615062761506	0.142259414225941	0.709205020920502
10	0.0543933054393306	0.0439330543933054	0.895397489539749	0.00627615062761506
11	0.00627615062761506	0.00418410041841004	0.0125523012552301	0.976987447698745
12	0.669456066945607	0.00418410041841004	0.150627615062762	0.175732217573222
13	0.0690376569037657	0.165271966527197	0.700836820083682	0.0648535564853557
14	0.0209205020920502	0.0230125523012552	0.0167364016736402	0.939330543933054
15	0.374476987447699	0.0146443514644351	0.543933054393306	0.0669456066945607
16	0.592050209205021	0.117154811715481	0.192468619246862	0.098326359832636
17	0.0209205020920502	0.0460251046025105	0.0209205020920502	0.912133891213389
18	0.119246861924686	0.0209205020920502	0.707112970711297	0.152719665271967
19	0.0355648535564854	0.173640167364017	0.161087866108787	0.629707112970711
20	0.0564853556485356	0.834728033472803	0.0167364016736402	0.0920502092050209
21	0.123430962343096	0.299163179916318	0.0230125523012552	0.554393305439331
22	0.0292887029288703	0.820083682008368	0.0313807531380753	0.119246861924686
