Pos	A	C	G	T
1	0.21	0.48	0.192	0.118
2	0.5	0.044	0.23	0.226
3	0.062	0.156	0.566	0.216
4	0.086	0.356	0.158	0.4
5	0.066	0.574	0.056	0.304
6	0.048	0.534	0.054	0.364
7	0.076	0.14	0.018	0.766
8	0.002	0.018	0.016	0.964
9	0.006	0.028	0.018	0.948
10	0.05	0.112	0.062	0.776
11	0.52	0.19	0.118	0.172
12	0.232	0.036	0.076	0.656
13	0.244	0.064	0.434	0.258
14	0.478	0.182	0.086	0.254
15	0.048	0.682	0.106	0.164
16	0.04	0.67	0.056	0.234
17	0.322	0.196	0.11	0.372
18	0.428	0.132	0.242	0.198
