Pos	A	C	G	T
1	0.0661322645290581	0.541082164328657	0.104208416833667	0.288577154308617
2	0.0460921843687375	0.515030060120241	0.0841683366733467	0.354709418837675
3	0.0380761523046092	0.575150300601203	0.062124248496994	0.324649298597194
4	0.0260521042084168	0.633266533066132	0.0801603206412826	0.260521042084168
5	0.0420841683366734	0.641282565130261	0.0661322645290581	0.250501002004008
6	0.0661322645290581	0.529058116232465	0.0480961923847695	0.356713426853707
7	0.0681362725450902	0.579158316633267	0.062124248496994	0.290581162324649
8	0.0380761523046092	0.62124248496994	0.0561122244488978	0.284569138276553
9	0.0521042084168337	0.535070140280561	0.0521042084168337	0.360721442885772
10	0.0340681362725451	0.645290581162325	0.0761523046092185	0.244488977955912
11	0.0440881763527054	0.591182364729459	0.0721442885771543	0.292585170340681
12	0.0460921843687375	0.420841683366733	0.122244488977956	0.410821643286573
13	0.0701402805611223	0.408817635270541	0.104208416833667	0.416833667334669
14	0.0240480961923848	0.733466933867736	0.0641282565130261	0.178356713426854
15	0.0140280561122245	0.671342685370742	0.0160320641282565	0.298597194388778
16	0.0200400801603206	0.929859719438878	0.0180360721442886	0.032064128256513
17	0.0160320641282565	0.791583166332665	0.00801603206412826	0.18436873747495
18	0.0220440881763527	0.00400801603206413	0.0240480961923848	0.949899799599198
19	0.00400801603206413	0.975951903807615	0.0180360721442886	0.00200400801603206
20	0.00801603206412826	0.915831663326653	0.0220440881763527	0.0541082164328657
21	0.0480961923847695	0.849699398797595	0.00400801603206413	0.0981963927855712
22	0.030060120240481	0.649298597194389	0.0240480961923848	0.296593186372746
