Pos	A	C	G	T
1	0.0166666666666667	0.05	0.0361111111111111	0.897222222222222
2	0.786111111111111	0.00277777777777778	0.186111111111111	0.025
3	0.0277777777777778	0.941666666666667	0.00555555555555556	0.025
4	0.0	0.983333333333334	0.00277777777777778	0.0138888888888889
5	0.947222222222222	0.00277777777777778	0.0277777777777778	0.0222222222222222
6	0.00555555555555556	0.222222222222222	0.0111111111111111	0.761111111111111
7	0.419444444444445	0.00277777777777778	0.569444444444445	0.00833333333333333
8	0.00277777777777778	0.941666666666667	0.00277777777777778	0.0527777777777778
9	0.0222222222222222	0.0138888888888889	0.0138888888888889	0.95
10	0.0388888888888889	0.00833333333333333	0.95	0.00277777777777778
11	0.00277777777777778	0.0277777777777778	0.00277777777777778	0.966666666666667
12	0.00555555555555556	0.0277777777777778	0.00833333333333333	0.958333333333333
13	0.00555555555555556	0.0277777777777778	0.0	0.966666666666667
14	0.00555555555555556	0.00833333333333333	0.0277777777777778	0.958333333333333
15	0.0666666666666667	0.0138888888888889	0.911111111111111	0.00833333333333333
16	0.522222222222222	0.0166666666666667	0.413888888888889	0.0472222222222222
17	0.00555555555555556	0.0277777777777778	0.0	0.966666666666667
18	0.0305555555555556	0.0333333333333333	0.0638888888888889	0.872222222222222
19	0.955555555555556	0.0194444444444444	0.0111111111111111	0.0138888888888889
20	0.00555555555555556	0.872222222222222	0.0277777777777778	0.0944444444444445
