Pos	A	C	G	T
1	0.418	0.068	0.202	0.312
2	0.166	0.766	0.054	0.014
3	0.004	0.984	0.006	0.006
4	0.186	0.414	0.026	0.374
5	0.048	0.172	0.34	0.44
6	0.104	0.146	0.624	0.126
7	0.304	0.324	0.106	0.266
8	0.08	0.214	0.21	0.496
9	0.02	0.89	0.072	0.018
10	0.172	0.062	0.014	0.752
11	0.008	0.988	0.0	0.004
12	0.002	0.998	0.0	0.0
13	0.49	0.238	0.07	0.202
14	0.048	0.11	0.452	0.39
15	0.08	0.306	0.376	0.238
