Pos	A	C	G	T
1	0.0744186046511628	0.73953488372093	0.0813953488372093	0.104651162790698
2	0.0441860465116279	0.767441860465116	0.0744186046511628	0.113953488372093
3	0.188372093023256	0.56046511627907	0.0488372093023256	0.202325581395349
4	0.253488372093023	0.146511627906977	0.179069767441861	0.42093023255814
5	0.269767441860465	0.0837209302325582	0.453488372093023	0.193023255813954
6	0.072093023255814	0.848837209302326	0.027906976744186	0.0511627906976744
7	0.676744186046512	0.176744186046512	0.0813953488372093	0.0651162790697675
8	0.109302325581395	0.104651162790698	0.158139534883721	0.627906976744186
9	0.0209302325581395	0.072093023255814	0.813953488372093	0.0930232558139535
10	0.00465116279069768	0.00697674418604651	0.00232558139534884	0.986046511627907
11	0.0	0.979069767441861	0.0	0.0209302325581395
12	0.0	0.990697674418605	0.00232558139534884	0.00697674418604651
13	0.0232558139534884	0.967441860465116	0.0	0.00930232558139535
14	0.013953488372093	0.911627906976744	0.00465116279069768	0.0697674418604651
15	0.251162790697674	0.523255813953488	0.0465116279069768	0.179069767441861
16	0.109302325581395	0.211627906976744	0.0883720930232558	0.590697674418605
17	0.1	0.202325581395349	0.12093023255814	0.576744186046512
18	0.172093023255814	0.313953488372093	0.137209302325581	0.376744186046512
19	0.104651162790698	0.213953488372093	0.130232558139535	0.551162790697674
20	0.0837209302325582	0.188372093023256	0.130232558139535	0.597674418604651
21	0.116279069767442	0.181395348837209	0.144186046511628	0.558139534883721
