Pos	A	C	G	T
1	0.0688935281837161	0.730688935281837	0.0167014613778706	0.183716075156576
2	0.0751565762004175	0.74321503131524	0.0939457202505219	0.0876826722338205
3	0.146137787056367	0.446764091858038	0.129436325678497	0.277661795407098
4	0.0521920668058455	0.665970772442589	0.104384133611691	0.177453027139875
5	0.0334029227557411	0.576200417536535	0.133611691022965	0.25678496868476
6	0.0125260960334029	0.77035490605428	0.0313152400835073	0.18580375782881
7	0.0313152400835073	0.797494780793319	0.0208768267223382	0.150313152400835
8	0.139874739039666	0.582463465553236	0.0438413361169102	0.233820459290188
9	0.208768267223382	0.286012526096033	0.160751565762004	0.34446764091858
10	0.0438413361169102	0.298538622129436	0.34446764091858	0.313152400835073
11	0.00835073068893528	0.868475991649269	0.00626304801670146	0.116910229645094
12	0.0521920668058455	0.423799582463466	0.0313152400835073	0.492693110647182
13	0.0876826722338205	0.88517745302714	0.0146137787056367	0.0125260960334029
14	0.00626304801670146	0.918580375782881	0.00626304801670146	0.0688935281837161
15	0.108559498956159	0.0	0.35490605427975	0.536534446764092
16	0.00208768267223382	0.974947807933194	0.00626304801670146	0.0167014613778706
17	0.0	0.997912317327766	0.00208768267223382	0.0
18	0.0334029227557411	0.695198329853862	0.0125260960334029	0.258872651356994
19	0.110647181628393	0.542797494780793	0.035490605427975	0.311064718162839
