Pos	A	C	G	T
1	0.0138504155124654	0.977839335180056	0.00554016620498615	0.00277008310249308
2	0.0138504155124654	0.0803324099722992	0.00277008310249308	0.903047091412743
3	0.0941828254847646	0.0	0.767313019390582	0.138504155124654
4	0.0110803324099723	0.00277008310249308	0.986149584487535	0.0
5	0.944598337950139	0.00554016620498615	0.0304709141274238	0.0193905817174515
6	0.0193905817174515	0.0110803324099723	0.0609418282548477	0.908587257617729
7	0.0387811634349031	0.880886426592798	0.0526315789473684	0.0277008310249308
8	0.329639889196676	0.598337950138504	0.0249307479224377	0.0470914127423823
9	0.878116343490305	0.0581717451523546	0.03601108033241	0.0277008310249308
10	0.146814404432133	0.0692520775623269	0.750692520775623	0.0332409972299169
11	0.00554016620498615	0.975069252077562	0.00277008310249308	0.0166204986149584
12	0.0249307479224377	0.645429362880886	0.0138504155124654	0.315789473684211
13	0.529085872576177	0.0886426592797784	0.265927977839335	0.116343490304709
14	0.0637119113573407	0.14404432132964	0.0692520775623269	0.722991689750693
15	0.373961218836565	0.0249307479224377	0.484764542936288	0.116343490304709
16	0.0193905817174515	0.955678670360111	0.00277008310249308	0.0221606648199446
17	0.00554016620498615	0.983379501385042	0.00277008310249308	0.00831024930747923
18	0.0	0.00277008310249308	0.00277008310249308	0.994459833795014
19	0.0110803324099723	0.00831024930747923	0.980609418282549	0.0
20	0.908587257617729	0.074792243767313	0.0110803324099723	0.00554016620498615
