Pos	A	C	G	T
1	0.173361522198732	0.164904862579281	0.488372093023256	0.173361522198732
2	0.0718816067653277	0.403805496828753	0.211416490486258	0.312896405919662
3	0.167019027484144	0.287526427061311	0.12262156448203	0.422832980972516
4	0.13107822410148	0.346723044397463	0.378435517970402	0.143763213530655
5	0.0549682875264271	0.670190274841438	0.0591966173361522	0.215644820295983
6	0.3446088794926	0.0211416490486258	0.145877378435518	0.488372093023256
7	0.0338266384778013	0.0169133192389006	0.945031712473573	0.00422832980972516
8	0.0147991543340381	0.972515856236786	0.00845665961945032	0.00422832980972516
9	0.00211416490486258	0.0486257928118393	0.00211416490486258	0.947145877378435
10	0.243128964059197	0.215644820295983	0.20507399577167	0.33615221987315
11	0.00211416490486258	0.99154334038055	0.00211416490486258	0.00422832980972516
12	0.00845665961945032	0.173361522198732	0.00211416490486258	0.816067653276956
13	0.0951374207188161	0.167019027484144	0.617336152219873	0.120507399577167
14	0.181818181818182	0.446088794926004	0.12262156448203	0.249471458773784
15	0.302325581395349	0.109936575052854	0.232558139534884	0.355179704016913
16	0.080338266384778	0.169133192389006	0.587737843551797	0.162790697674419
