Pos	A	C	G	T
1	0.026	0.68	0.08	0.214
2	0.05	0.472	0.108	0.37
3	0.038	0.674	0.094	0.194
4	0.06	0.752	0.068	0.12
5	0.092	0.388	0.214	0.306
6	0.056	0.516	0.186	0.242
7	0.012	0.714	0.036	0.238
8	0.038	0.386	0.1	0.476
9	0.044	0.908	0.012	0.036
10	0.01	0.97	0.008	0.012
11	0.022	0.004	0.148	0.826
12	0.0	0.972	0.016	0.012
13	0.012	0.956	0.026	0.006
14	0.008	0.714	0.026	0.252
15	0.062	0.596	0.052	0.29
16	0.014	0.804	0.084	0.098
17	0.146	0.276	0.304	0.274
18	0.038	0.762	0.112	0.088
19	0.07	0.56	0.16	0.21
20	0.072	0.514	0.102	0.312
