Pos	A	C	G	T
1	0.0323624595469256	0.867313915857605	0.029126213592233	0.0711974110032363
2	0.00647249190938511	0.915857605177994	0.0	0.0776699029126214
3	0.029126213592233	0.0194174757281553	0.0129449838187702	0.938511326860842
4	0.148867313915858	0.592233009708738	0.0453074433656958	0.213592233009709
5	0.944983818770227	0.0226537216828479	0.029126213592233	0.00323624595469256
6	0.119741100323625	0.0323624595469256	0.0485436893203884	0.799352750809062
7	0.00323624595469256	0.0129449838187702	0.0	0.983818770226537
8	0.00647249190938511	0.877022653721683	0.00970873786407767	0.106796116504854
9	0.00323624595469256	0.0809061488673139	0.0	0.915857605177994
10	0.0129449838187702	0.00323624595469256	0.00647249190938511	0.977346278317152
11	0.00323624595469256	0.980582524271845	0.00970873786407767	0.00647249190938511
12	0.0226537216828479	0.349514563106796	0.0194174757281553	0.608414239482201
13	0.00647249190938511	0.00970873786407767	0.0	0.983818770226537
14	0.0226537216828479	0.0129449838187702	0.919093851132686	0.0453074433656958
15	0.0485436893203884	0.0	0.889967637540453	0.0614886731391586
16	0.482200647249191	0.110032362459547	0.122977346278317	0.284789644012945
17	0.0129449838187702	0.656957928802589	0.0226537216828479	0.307443365695793
18	0.498381877022654	0.0711974110032363	0.372168284789644	0.058252427184466
19	0.0323624595469256	0.310679611650485	0.0453074433656958	0.611650485436893
20	0.226537216828479	0.0355987055016181	0.653721682847897	0.0841423948220065
