Pos	A	C	G	T
1	0.108459869848156	0.737527114967462	0.0542299349240781	0.0997830802603037
2	0.574837310195228	0.134490238611714	0.221258134490239	0.06941431670282
3	0.119305856832972	0.438177874186551	0.0563991323210412	0.386117136659436
4	0.336225596529284	0.151843817787419	0.052060737527115	0.459869848156182
5	0.0780911062906725	0.0455531453362256	0.59002169197397	0.286334056399132
6	0.0086767895878525	0.0086767895878525	0.711496746203905	0.27114967462039
7	0.0216919739696312	0.906724511930586	0.0281995661605206	0.0433839479392625
8	0.0	0.967462039045553	0.00433839479392625	0.0281995661605206
9	0.0130151843817787	0.969631236442516	0.00216919739696312	0.0151843817787419
10	0.147505422993492	0.754880694143167	0.0108459869848156	0.086767895878525
11	0.110629067245119	0.620390455531453	0.0238611713665944	0.245119305856833
12	0.149674620390456	0.0498915401301519	0.299349240780911	0.501084598698482
13	0.0672451193058568	0.052060737527115	0.770065075921909	0.110629067245119
14	0.169197396963124	0.127982646420824	0.611713665943601	0.0911062906724512
15	0.275488069414317	0.323210412147506	0.0260303687635575	0.37527114967462
16	0.0130151843817787	0.954446854663775	0.0151843817787419	0.017353579175705
17	0.0130151843817787	0.956616052060738	0.0108459869848156	0.0195227765726681
18	0.0932754880694143	0.778741865509762	0.0390455531453362	0.0889370932754881
19	0.531453362255965	0.40997830802603	0.0195227765726681	0.0390455531453362
20	0.110629067245119	0.783080260303688	0.0433839479392625	0.0629067245119306
