Pos	A	C	G	T
1	0.120430107526882	0.0989247311827957	0.716129032258065	0.0645161290322581
2	0.473118279569893	0.0860215053763441	0.165591397849462	0.275268817204301
3	0.0860215053763441	0.0537634408602151	0.735483870967742	0.124731182795699
4	0.159139784946237	0.640860215053764	0.0451612903225806	0.154838709677419
5	0.0451612903225806	0.903225806451613	0.0129032258064516	0.0387096774193548
6	0.0688172043010753	0.0946236559139785	0.0408602150537635	0.795698924731183
7	0.294623655913979	0.0451612903225806	0.623655913978495	0.0365591397849462
8	0.0881720430107527	0.344086021505376	0.468817204301075	0.0989247311827957
9	0.0924731182795699	0.133333333333333	0.103225806451613	0.670967741935484
10	0.752688172043011	0.146236559139785	0.0387096774193548	0.0623655913978495
11	0.00645161290322581	0.98494623655914	0.00645161290322581	0.0021505376344086
12	0.443010752688172	0.0752688172043011	0.165591397849462	0.316129032258065
13	0.0129032258064516	0.363440860215054	0.6	0.0236559139784946
14	0.447311827956989	0.0881720430107527	0.0946236559139785	0.36989247311828
15	0.0301075268817204	0.0150537634408602	0.903225806451613	0.0516129032258065
16	0.0494623655913979	0.825806451612903	0.0473118279569893	0.0774193548387097
17	0.0903225806451613	0.756989247311828	0.0387096774193548	0.113978494623656
18	0.105376344086022	0.0881720430107527	0.152688172043011	0.653763440860215
19	0.0795698924731183	0.126881720430108	0.681720430107527	0.111827956989247
20	0.275268817204301	0.180645161290323	0.402150537634409	0.141935483870968
