Pos	A	C	G	T
1	0.404	0.186	0.248	0.162
2	0.46	0.116	0.348	0.076
3	0.752	0.032	0.118	0.098
4	0.718	0.032	0.174	0.076
5	0.668	0.014	0.102	0.216
6	0.164	0.052	0.772	0.012
7	0.658	0.074	0.26	0.008
8	0.076	0.0	0.924	0.0
9	0.0	0.0	1.0	0.0
10	1.0	0.0	0.0	0.0
11	0.99	0.0	0.002	0.008
12	0.022	0.206	0.77	0.002
13	0.016	0.008	0.014	0.962
14	0.004	0.048	0.942	0.006
15	0.58	0.106	0.268	0.046
16	0.464	0.118	0.314	0.104
17	0.54	0.118	0.204	0.138
