Pos	A	C	G	T
1	0.328	0.18	0.382	0.11
2	0.456	0.088	0.328	0.128
3	0.298	0.098	0.494	0.11
4	0.2	0.418	0.346	0.036
5	0.84	0.036	0.084	0.04
6	0.016	0.006	0.962	0.016
7	0.044	0.016	0.936	0.004
8	0.794	0.068	0.102	0.036
9	0.946	0.006	0.012	0.036
10	0.372	0.062	0.548	0.018
11	0.228	0.1	0.232	0.44
12	0.218	0.106	0.538	0.138
13	0.406	0.12	0.386	0.088
14	0.272	0.216	0.374	0.138
