Pos	A	C	G	T
1	0.221258852551028	0.168227882035199	0.296424756227694	0.314088509368264
2	0.201790490853805	0.0642486664744801	0.460562302010127	0.273398540843773
3	0.147721571906556	0.118017126665266	0.719487607982885	0.0147736936274785
4	0.0254143722015566	0.0282431231075807	0.940109692828454	0.00623281204459484
5	0.115871236569386	0.85766278576362	0.00223295484917284	0.0242330230000065
6	0.057877575115831	0.0289362268298775	0.889192176520021	0.0239940217164559
7	0.00858185323149226	0.0648751912677877	0.918483490971174	0.00805946471173164
8	0.0102821766487524	0.00968296628785043	0.969687808819866	0.0103470484257161
9	0.80814947642897	0.00315140263881733	0.186700046092699	0.00199907502169831
10	0.582812237689354	0.0521330085504895	0.358987535644207	0.00606721829813477
11	0.259760252179006	0.17081080304957	0.519151610654688	0.0502773342989215
12	0.186310036287827	0.222715053228662	0.483292882361969	0.107682028303727
