Pos	A	C	G	T
1	0.196	0.148	0.53	0.126
2	0.338	0.032	0.416	0.214
3	0.142	0.082	0.772	0.004
4	0.044	0.004	0.942	0.01
5	0.084	0.854	0.004	0.058
6	0.14	0.016	0.814	0.03
7	0.022	0.012	0.958	0.008
8	0.204	0.006	0.776	0.014
9	0.714	0.004	0.276	0.006
10	0.604	0.138	0.24	0.018
11	0.428	0.192	0.224	0.156
12	0.344	0.086	0.356	0.214
13	0.26	0.152	0.486	0.102
