Pos	A	C	G	T
1	0.382	0.19	0.274	0.154
2	0.234	0.1	0.604	0.062
3	0.204	0.068	0.552	0.176
4	0.248	0.066	0.53	0.156
5	0.024	0.074	0.9	0.002
6	0.012	0.008	0.97	0.01
7	0.026	0.898	0.006	0.07
8	0.008	0.002	0.958	0.032
9	0.002	0.048	0.91	0.04
10	0.068	0.01	0.904	0.018
11	0.578	0.048	0.326	0.048
12	0.396	0.394	0.106	0.104
13	0.302	0.28	0.176	0.242
14	0.28	0.196	0.196	0.328
