Pos	A	C	G	T
1	0.32	0.354	0.246	0.08
2	0.484	0.166	0.098	0.252
3	0.786	0.018	0.16	0.036
4	0.424	0.362	0.192	0.022
5	0.06	0.738	0.14	0.062
6	0.182	0.708	0.036	0.074
7	0.082	0.1	0.034	0.784
8	0.424	0.084	0.458	0.034
9	0.012	0.168	0.054	0.766
10	0.692	0.168	0.048	0.092
11	0.904	0.064	0.01	0.022
12	0.006	0.002	0.008	0.984
13	0.004	0.128	0.004	0.864
14	0.596	0.028	0.016	0.36
