Pos	A	C	G	T
1	0.334	0.176	0.264	0.226
2	0.25	0.052	0.692	0.006
3	0.32	0.052	0.224	0.404
4	0.726	0.222	0.04	0.012
5	0.898	0.062	0.03	0.01
6	0.794	0.016	0.186	0.004
7	0.016	0.918	0.034	0.032
8	0.968	0.014	0.012	0.006
9	0.312	0.17	0.478	0.04
10	0.234	0.254	0.452	0.06
11	0.338	0.256	0.31	0.096
12	0.394	0.26	0.16	0.186
