Pos	A	C	G	T
1	0.274	0.066	0.336	0.324
2	0.06	0.042	0.832	0.066
3	0.408	0.338	0.054	0.2
4	0.304	0.126	0.08	0.49
5	0.886	0.026	0.042	0.046
6	0.064	0.848	0.05	0.038
7	0.814	0.036	0.022	0.128
8	0.736	0.26	0.004	0.0
9	0.27	0.026	0.042	0.662
10	0.014	0.026	0.95	0.01
11	0.044	0.032	0.064	0.86
12	0.584	0.028	0.122	0.266
13	0.224	0.042	0.434	0.3
14	0.074	0.866	0.024	0.036
15	0.41	0.296	0.096	0.198
16	0.4	0.238	0.242	0.12
