Pos	A	C	G	T
1	0.34648334580774	0.0298444869495449	0.483259429983344	0.140412737259371
2	0.0945112108176553	0.00742796119633117	0.868348983200689	0.0297118447853247
3	0.00689739253945037	0.0886749555919665	0.0116725104513775	0.892755141417205
4	0.0929195048470129	0.0153864910495431	0.0	0.891694004103444
5	0.975063273126603	0.0169781970201855	0.00371398059816558	0.00424454925504638
6	0.748090517281262	0.104662005191264	0.0345569525901251	0.112690524937349
7	0.0902666615626089	0.00901966716697356	0.00848909851009276	0.892224572760325
8	0.401013950545294	0.224375227210757	0.197846794366717	0.176764027877232
9	0.559933938524146	0.0249367268733975	0.0579019734928802	0.357227361109576
10	0.063738228718569	0.0228144522458743	0.041914923893583	0.871532395141973
11	0.0642687973754498	0.173245341714633	0.0116725104513775	0.750813350458539
12	0.555354115047786	0.0600242481204034	0.192275823469469	0.192345813362342
13	0.498498603625615	0.283087728932011	0.0791947096609854	0.139218957781389
14	0.18896710698549	0.569414184455127	0.0281201388146823	0.2134985697447
15	0.357039404295535	0.368711914746913	0.148035992891269	0.126212688066283
