Pos	A	C	G	T
1	0.326	0.068	0.358	0.248
2	0.148	0.034	0.756	0.062
3	0.028	0.08	0.08	0.812
4	0.146	0.082	0.046	0.726
5	0.98	0.002	0.016	0.002
6	0.938	0.046	0.006	0.01
7	0.056	0.01	0.006	0.928
8	0.41	0.0	0.59	0.0
9	0.762	0.004	0.054	0.18
10	0.046	0.024	0.122	0.808
11	0.016	0.038	0.002	0.944
12	0.692	0.064	0.134	0.11
13	0.798	0.094	0.066	0.042
14	0.078	0.732	0.042	0.148
15	0.242	0.358	0.064	0.336
