Pos	A	C	G	T
1	0.132	0.452	0.226	0.19
2	0.124	0.104	0.158	0.614
3	0.08	0.05	0.652	0.218
4	0.132	0.222	0.414	0.232
5	0.272	0.156	0.29	0.282
6	0.304	0.158	0.306	0.232
7	0.248	0.198	0.368	0.186
8	0.27	0.196	0.276	0.258
9	0.222	0.224	0.268	0.286
10	0.326	0.114	0.344	0.216
11	0.192	0.338	0.372	0.098
12	0.774	0.004	0.008	0.214
13	0.0	0.0	0.996	0.004
14	0.986	0.0	0.008	0.006
15	0.006	0.002	0.016	0.976
16	0.966	0.006	0.0	0.028
17	0.844	0.01	0.114	0.032
18	0.14	0.168	0.628	0.064
19	0.344	0.192	0.39	0.074
