Pos	A	C	G	T
1	0.509018036072144	0.200400801603206	0.150300601202405	0.140280561122245
2	0.0781563126252505	0.0681362725450902	0.0480961923847695	0.80561122244489
3	0.0460921843687375	0.240480961923848	0.0501002004008016	0.663326653306613
4	0.270541082164329	0.0160320641282565	0.032064128256513	0.681362725450902
5	0.220440881763527	0.11623246492986	0.635270541082164	0.0280561122244489
6	0.144288577154309	0.811623246492986	0.0180360721442886	0.0260521042084168
7	0.887775551102205	0.030060120240481	0.0140280561122245	0.0681362725450902
8	0.118236472945892	0.0400801603206413	0.0340681362725451	0.807615230460922
9	0.316633266533066	0.192384769539078	0.260521042084168	0.230460921843687
10	0.545090180360722	0.0360721442885772	0.0420841683366734	0.376753507014028
11	0.0521042084168337	0.589178356713427	0.248496993987976	0.110220440881764
12	0.885771543086172	0.0380761523046092	0.00801603206412826	0.0681362725450902
13	0.885771543086172	0.0420841683366734	0.0601202404809619	0.0120240480961924
14	0.589178356713427	0.0601202404809619	0.0440881763527054	0.306613226452906
15	0.330661322645291	0.0701402805611223	0.511022044088176	0.0881763527054108
16	0.290581162324649	0.178356713426854	0.486973947895792	0.0440881763527054
17	0.332665330661323	0.280561122244489	0.258517034068136	0.128256513026052
