Pos	A	C	G	T
1	0.192	0.404	0.206	0.198
2	0.116	0.144	0.19	0.55
3	0.056	0.078	0.64	0.226
4	0.118	0.206	0.39	0.286
5	0.194	0.314	0.282	0.21
6	0.268	0.246	0.278	0.208
7	0.224	0.21	0.368	0.198
8	0.262	0.168	0.34	0.23
9	0.214	0.224	0.314	0.248
10	0.332	0.188	0.324	0.156
11	0.184	0.388	0.322	0.106
12	0.72	0.02	0.008	0.252
13	0.006	0.0	0.994	0.0
14	0.996	0.0	0.0	0.004
15	0.002	0.0	0.012	0.986
16	0.946	0.004	0.014	0.036
17	0.858	0.016	0.09	0.036
18	0.214	0.154	0.554	0.078
19	0.352	0.188	0.346	0.114
