Pos	A	C	G	T
1	0.118	0.162	0.13	0.59
2	0.018	0.008	0.012	0.962
3	0.008	0.012	0.002	0.978
4	0.034	0.018	0.02	0.928
5	0.95	0.018	0.016	0.016
6	0.002	0.062	0.012	0.924
7	0.112	0.006	0.46	0.422
8	0.386	0.012	0.562	0.04
9	0.038	0.754	0.062	0.146
10	0.124	0.43	0.04	0.406
11	0.114	0.25	0.16	0.476
12	0.092	0.226	0.122	0.56
