Pos	A	C	G	T
1	0.244	0.118	0.526	0.112
2	0.706	0.088	0.15	0.056
3	0.168	0.27	0.092	0.47
4	0.312	0.05	0.118	0.52
5	0.608	0.06	0.266	0.066
6	0.986	0.002	0.008	0.004
7	0.03	0.046	0.124	0.8
8	0.042	0.092	0.56	0.306
9	0.378	0.074	0.4	0.148
10	0.126	0.336	0.432	0.106
11	0.334	0.216	0.158	0.292
12	0.46	0.06	0.106	0.374
13	0.39	0.056	0.042	0.512
14	0.298	0.056	0.048	0.598
15	0.138	0.104	0.052	0.706
16	0.596	0.108	0.254	0.042
17	0.98	0.0	0.014	0.006
18	0.126	0.03	0.07	0.774
19	0.154	0.092	0.398	0.356
