Pos	A	C	G	T
1	0.1	0.216	0.19	0.494
2	0.062	0.12	0.6	0.218
3	0.108	0.276	0.43	0.186
4	0.194	0.234	0.37	0.202
5	0.196	0.21	0.402	0.192
6	0.162	0.278	0.4	0.16
7	0.232	0.208	0.368	0.192
8	0.242	0.244	0.294	0.22
9	0.288	0.148	0.368	0.196
10	0.154	0.458	0.318	0.07
11	0.648	0.048	0.022	0.282
12	0.002	0.004	0.99	0.004
13	0.976	0.006	0.012	0.006
14	0.054	0.018	0.04	0.888
15	0.924	0.008	0.014	0.054
16	0.792	0.012	0.152	0.044
17	0.158	0.194	0.606	0.042
18	0.328	0.206	0.416	0.05
19	0.308	0.268	0.324	0.1
