Pos	A	C	G	T
1	0.402	0.056	0.344	0.198
2	0.164	0.03	0.734	0.072
3	0.042	0.056	0.05	0.852
4	0.098	0.082	0.072	0.748
5	0.938	0.006	0.04	0.016
6	0.894	0.058	0.006	0.042
7	0.076	0.022	0.004	0.898
8	0.394	0.0	0.606	0.0
9	0.744	0.026	0.034	0.196
10	0.082	0.024	0.11	0.784
11	0.012	0.034	0.008	0.946
12	0.71	0.068	0.092	0.13
13	0.78	0.094	0.078	0.048
14	0.082	0.7	0.038	0.18
15	0.246	0.284	0.074	0.396
