Pos	A	C	G	T
1	0.564	0.154	0.086	0.196
2	0.112	0.052	0.024	0.812
3	0.102	0.184	0.05	0.664
4	0.36	0.034	0.062	0.544
5	0.29	0.122	0.542	0.046
6	0.302	0.65	0.026	0.022
7	0.894	0.044	0.022	0.04
8	0.246	0.082	0.05	0.622
9	0.364	0.206	0.26	0.17
10	0.688	0.038	0.046	0.228
11	0.08	0.604	0.264	0.052
12	0.916	0.038	0.008	0.038
13	0.94	0.028	0.02	0.012
14	0.57	0.018	0.018	0.394
15	0.374	0.03	0.53	0.066
16	0.248	0.176	0.534	0.042
17	0.412	0.25	0.236	0.102
