Pos	A	C	G	T
1	0.278	0.134	0.46	0.128
2	0.466	0.028	0.492	0.014
3	0.118	0.008	0.844	0.03
4	0.052	0.008	0.762	0.178
5	0.01	0.124	0.186	0.68
6	0.05	0.69	0.158	0.102
7	0.812	0.014	0.108	0.066
8	0.136	0.338	0.348	0.178
9	0.208	0.22	0.154	0.418
10	0.144	0.06	0.772	0.024
11	0.474	0.018	0.496	0.012
12	0.008	0.004	0.976	0.012
13	0.016	0.008	0.368	0.608
14	0.078	0.08	0.196	0.646
15	0.008	0.768	0.06	0.164
16	0.656	0.084	0.158	0.102
