Pos	A	C	G	T
1	0.638	0.048	0.26	0.054
2	0.074	0.006	0.808	0.112
3	0.046	0.018	0.908	0.028
4	0.094	0.072	0.178	0.656
5	0.002	0.888	0.048	0.062
6	0.856	0.006	0.112	0.026
7	0.108	0.442	0.312	0.138
8	0.396	0.604	0.0	0.0
9	0.182	0.376	0.286	0.156
10	0.104	0.078	0.044	0.774
11	0.054	0.034	0.908	0.004
12	0.618	0.198	0.07	0.114
13	0.04	0.884	0.014	0.062
14	0.09	0.822	0.008	0.08
15	0.058	0.33	0.066	0.546
