Pos	A	C	G	T
1	0.168	0.482	0.208	0.142
2	0.424	0.224	0.124	0.228
3	0.374	0.126	0.42	0.08
4	0.544	0.026	0.38	0.05
5	0.122	0.006	0.814	0.058
6	0.038	0.044	0.756	0.162
7	0.064	0.158	0.152	0.626
8	0.144	0.428	0.084	0.344
9	0.83	0.018	0.054	0.098
10	0.114	0.592	0.142	0.152
11	0.224	0.178	0.086	0.512
12	0.24	0.228	0.29	0.242
13	0.228	0.324	0.284	0.164
14	0.66	0.09	0.172	0.078
15	0.08	0.026	0.836	0.058
16	0.106	0.04	0.718	0.136
17	0.152	0.138	0.22	0.49
18	0.078	0.738	0.072	0.112
19	0.872	0.044	0.048	0.036
