Pos	A	C	G	T
1	0.118	0.33	0.214	0.338
2	0.088	0.522	0.182	0.208
3	0.15	0.254	0.224	0.372
4	0.04	0.458	0.318	0.184
5	0.094	0.538	0.032	0.336
6	0.992	0.004	0.002	0.002
7	0.984	0.004	0.012	0.0
8	0.006	0.99	0.004	0.0
9	0.01	0.284	0.274	0.432
10	0.004	0.014	0.97	0.012
11	0.056	0.766	0.016	0.162
12	0.04	0.792	0.034	0.134
13	0.44	0.158	0.252	0.15
14	0.13	0.586	0.188	0.096
15	0.118	0.332	0.198	0.352
