Pos	A	C	G	T
1	0.329979879275654	0.10261569416499	0.207243460764588	0.360160965794769
2	0.164989939637827	0.112676056338028	0.402414486921529	0.319919517102616
3	0.140845070422535	0.672032193158954	0.0503018108651912	0.13682092555332
4	0.0201207243460765	0.354124748490946	0.0120724346076459	0.613682092555332
5	0.738430583501006	0.0845070422535211	0.028169014084507	0.148893360160966
6	0.674044265593561	0.0261569416498994	0.124748490945674	0.175050301810865
7	0.867203219315896	0.0201207243460765	0.0563380281690141	0.0563380281690141
8	0.913480885311871	0.0140845070422535	0.0160965794768612	0.0563380281690141
9	0.891348088531187	0.0120724346076459	0.0201207243460765	0.0764587525150906
10	0.0442655935613682	0.03420523138833	0.0140845070422535	0.907444668008048
11	0.89738430583501	0.00804828973843059	0.0784708249496982	0.0160965794768612
12	0.21327967806841	0.0543259557344064	0.682092555331992	0.0503018108651912
13	0.412474849094567	0.382293762575453	0.0824949698189135	0.122736418511066
14	0.404426559356137	0.225352112676056	0.0804828973843058	0.289738430583501
