Pos	A	C	G	T
1	0.29	0.176	0.418	0.116
2	0.46	0.034	0.426	0.08
3	0.074	0.018	0.856	0.052
4	0.146	0.044	0.402	0.408
5	0.134	0.326	0.26	0.28
6	0.008	0.904	0.008	0.08
7	0.948	0.014	0.032	0.006
8	0.904	0.018	0.07	0.008
9	0.932	0.0	0.056	0.012
10	0.006	0.004	0.968	0.022
11	0.028	0.01	0.192	0.77
12	0.042	0.64	0.058	0.26
13	0.018	0.894	0.01	0.078
14	0.764	0.07	0.084	0.082
