Pos	A	C	G	T
1	0.496993987975952	0.0541082164328657	0.158316633266533	0.290581162324649
2	0.340681362725451	0.0480961923847695	0.525050100200401	0.0861723446893788
3	0.0561122244488978	0.49498997995992	0.0280561122244489	0.420841683366733
4	0.919839679358718	0.0641282565130261	0.00801603206412826	0.00801603206412826
5	0.877755511022044	0.0981963927855712	0.00601202404809619	0.0180360721442886
6	0.929859719438878	0.0200400801603206	0.0220440881763527	0.0280561122244489
7	0.0240480961923848	0.691382765531062	0.030060120240481	0.254509018036072
8	0.899799599198397	0.0140280561122245	0.0140280561122245	0.0721442885771543
9	0.422845691382766	0.120240480961924	0.256513026052104	0.200400801603206
10	0.408817635270541	0.222444889779559	0.192384769539078	0.176352705410822
11	0.406813627254509	0.216432865731463	0.178356713426854	0.198396793587174
12	0.488977955911824	0.196392785571142	0.134268537074148	0.180360721442886
13	0.567134268537074	0.032064128256513	0.278557114228457	0.122244488977956
14	0.152304609218437	0.0360721442885772	0.733466933867736	0.0781563126252505
15	0.49498997995992	0.144288577154309	0.172344689378758	0.188376753507014
16	0.851703406813627	0.0140280561122245	0.0661322645290581	0.0681362725450902
17	0.112224448897796	0.777555110220441	0.0480961923847695	0.062124248496994
18	0.745490981963928	0.0360721442885772	0.0701402805611223	0.148296593186373
