Pos	A	C	G	T
1	0.0463709677419355	0.356854838709677	0.102822580645161	0.493951612903226
2	0.149193548387097	0.362903225806452	0.0584677419354839	0.429435483870968
3	0.0141129032258065	0.935483870967742	0.0221774193548387	0.0282258064516129
4	0.828629032258065	0.102822580645161	0.00403225806451613	0.0645161290322581
5	0.0120967741935484	0.0060483870967742	0.0241935483870968	0.957661290322581
6	0.0403225806451613	0.0362903225806452	0.661290322580645	0.262096774193548
7	0.276209677419355	0.671370967741935	0.0342741935483871	0.0181451612903226
8	0.649193548387097	0.225806451612903	0.0967741935483871	0.0282258064516129
9	0.25	0.032258064516129	0.032258064516129	0.685483870967742
10	0.481854838709677	0.0584677419354839	0.0504032258064516	0.409274193548387
11	0.300403225806452	0.0181451612903226	0.0141129032258065	0.667338709677419
12	0.0342741935483871	0.266129032258065	0.181451612903226	0.518145161290323
13	0.0161290322580645	0.665322580645161	0.131048387096774	0.1875
14	0.653225806451613	0.288306451612903	0.0241935483870968	0.0342741935483871
15	0.296370967741936	0.032258064516129	0.0665322580645161	0.604838709677419
16	0.141129032258065	0.133064516129032	0.175403225806452	0.550403225806452
17	0.223790322580645	0.429435483870968	0.211693548387097	0.13508064516129
