Pos	A	C	G	T
1	0.11	0.46	0.224	0.206
2	0.156	0.104	0.126	0.614
3	0.134	0.582	0.108	0.176
4	0.872	0.048	0.044	0.036
5	0.008	0.006	0.026	0.96
6	0.04	0.038	0.76	0.162
7	0.482	0.402	0.072	0.044
8	0.846	0.054	0.054	0.046
9	0.282	0.088	0.052	0.578
10	0.938	0.022	0.012	0.028
11	0.268	0.02	0.04	0.672
12	0.086	0.026	0.334	0.554
13	0.11	0.468	0.144	0.278
14	0.636	0.234	0.06	0.07
15	0.458	0.04	0.138	0.364
16	0.266	0.108	0.378	0.248
