Pos	A	C	G	T
1	0.392526964560864	0.0704930662557782	0.423343605546996	0.113636363636364
2	0.0986132511556241	0.0770416024653314	0.702619414483823	0.121725731895223
3	0.104776579352851	0.0708782742681049	0.645608628659477	0.178736517719569
4	0.181818181818182	0.124807395993837	0.120184899845917	0.573189522342066
5	0.135593220338983	0.545454545454547	0.2557781201849	0.0631741140215717
6	0.587057010785826	0.0739599383667181	0.180277349768875	0.158705701078582
7	0.147919876733436	0.349768875192604	0.203389830508474	0.298921417565485
8	0.187981510015408	0.240369799691834	0.146379044684129	0.42526964560863
9	0.0986132511556241	0.220338983050847	0.10939907550077	0.571648690292759
10	0.221879815100154	0.448382126348229	0.271186440677966	0.0585516178736519
11	0.842835130970726	0.0	0.106317411402157	0.0508474576271187
12	0.0138674884437596	0.078582434514638	0.847457627118646	0.0600924499229585
13	0.0	0.124807395993837	0.782742681047767	0.0924499229583976
14	0.280431432973806	0.0292758089368259	0.0924499229583976	0.597842835130972
15	0.0431432973805856	0.688751926040063	0.206471494607088	0.0616332819722651
16	0.739599383667182	0.135593220338983	0.0801232665639446	0.0446841294298922
17	0.127503852080123	0.172187981510015	0.449537750385209	0.250770416024653
