Pos	A	C	G	T
1	0.285140562248996	0.178714859437751	0.367469879518072	0.168674698795181
2	0.614457831325301	0.0963855421686747	0.214859437751004	0.0742971887550201
3	0.71285140562249	0.072289156626506	0.108433734939759	0.106425702811245
4	0.755020080321285	0.0562248995983936	0.0783132530120482	0.110441767068273
5	0.283132530120482	0.198795180722892	0.385542168674699	0.132530120481928
6	0.259036144578313	0.22289156626506	0.126506024096386	0.391566265060241
7	0.168674698795181	0.0240963855421687	0.799196787148595	0.00803212851405623
8	0.977911646586346	0.0	0.0200803212851406	0.00200803212851406
9	0.993975903614458	0.00200803212851406	0.00401606425702811	0.0
10	0.971887550200803	0.0	0.0160642570281125	0.0120481927710843
11	0.130522088353414	0.263052208835341	0.590361445783133	0.0160642570281125
12	0.0883534136546185	0.218875502008032	0.00803212851405623	0.684738955823293
13	0.0542168674698795	0.0100401606425703	0.921686746987952	0.0140562248995984
14	0.943775100401607	0.0100401606425703	0.0461847389558233	0.0
15	0.987951807228916	0.0	0.0120481927710843	0.0
16	0.977911646586346	0.0	0.0120481927710843	0.0100401606425703
17	0.00602409638554217	0.377510040160643	0.582329317269076	0.034136546184739
18	0.0983935742971888	0.263052208835341	0.0642570281124498	0.57429718875502
19	0.403614457831325	0.1285140562249	0.383534136546185	0.0843373493975904
20	0.365461847389558	0.208835341365462	0.309236947791165	0.116465863453815
