Pos	A	C	G	T
1	0.18	0.146	0.54	0.134
2	0.288	0.074	0.55	0.088
3	0.248	0.078	0.592	0.082
4	0.208	0.118	0.59	0.084
5	0.086	0.15	0.362	0.402
6	0.132	0.476	0.29	0.102
7	0.632	0.112	0.194	0.062
8	0.412	0.048	0.524	0.016
9	0.726	0.0	0.27	0.004
10	0.018	0.0	0.912	0.07
11	0.016	0.01	0.962	0.012
12	0.01	0.078	0.28	0.632
13	0.066	0.864	0.042	0.028
14	0.96	0.004	0.016	0.02
15	0.204	0.126	0.518	0.152
16	0.226	0.184	0.494	0.096
17	0.186	0.168	0.506	0.14
