Pos	A	C	G	T
1	0.164	0.266	0.166	0.404
2	0.602	0.024	0.342	0.032
3	0.008	0.0	0.99	0.002
4	0.94	0.032	0.016	0.012
5	0.912	0.018	0.04	0.03
6	0.288	0.258	0.25	0.204
7	0.212	0.232	0.362	0.194
8	0.086	0.072	0.036	0.806
9	0.056	0.016	0.072	0.856
10	0.004	0.99	0.006	0.0
11	0.01	0.318	0.042	0.63
12	0.662	0.008	0.322	0.008
13	0.0	0.0	0.994	0.006
14	0.918	0.018	0.036	0.028
15	0.814	0.046	0.102	0.038
