Pos	A	C	G	T
1	0.354	0.176	0.324	0.146
2	0.53	0.112	0.192	0.166
3	0.652	0.072	0.112	0.164
4	0.488	0.06	0.194	0.258
5	0.236	0.126	0.574	0.064
6	0.512	0.146	0.304	0.038
7	0.214	0.004	0.76	0.022
8	0.03	0.016	0.952	0.002
9	0.97	0.018	0.004	0.008
10	0.96	0.004	0.01	0.026
11	0.058	0.438	0.48	0.024
12	0.068	0.084	0.022	0.826
13	0.036	0.016	0.944	0.004
14	0.9	0.004	0.084	0.012
15	0.692	0.028	0.26	0.02
16	0.936	0.032	0.018	0.014
17	0.168	0.444	0.35	0.038
18	0.208	0.276	0.094	0.422
