Pos	A	C	G	T
1	0.260521042084168	0.124248496993988	0.551102204408818	0.0641282565130261
2	0.210420841683367	0.112224448897796	0.551102204408818	0.12625250501002
3	0.370741482965932	0.0561122244488978	0.464929859719439	0.108216432865731
4	0.284569138276553	0.092184368737475	0.432865731462926	0.190380761523046
5	0.168336673346693	0.208416833667335	0.555110220440882	0.0681362725450902
6	0.394789579158317	0.094188376753507	0.356713426853707	0.154308617234469
7	0.102204408817635	0.156312625250501	0.244488977955912	0.496993987975952
8	0.110220440881764	0.507014028056112	0.260521042084168	0.122244488977956
9	0.442885771543086	0.230460921843687	0.192384769539078	0.134268537074148
10	0.428857715430862	0.0681362725450902	0.354709418837675	0.148296593186373
11	0.366733466933868	0.0501002004008016	0.549098196392786	0.0340681362725451
12	0.811623246492986	0.00601202404809619	0.168336673346693	0.0140280561122245
13	0.0420841683366734	0.0	0.949899799599198	0.00801603206412826
14	0.0200400801603206	0.0100200400801603	0.509018036072144	0.460921843687375
15	0.0160320641282565	0.0460921843687375	0.0661322645290581	0.871743486973948
16	0.00200400801603206	0.937875751503006	0.0400801603206413	0.0200400801603206
17	0.983967935871744	0.0	0.00400801603206413	0.0120240480961924
18	0.56312625250501	0.108216432865731	0.256513026052104	0.0721442885771543
19	0.178356713426854	0.0521042084168337	0.699398797595191	0.0701402805611223
20	0.112224448897796	0.0861723446893788	0.7374749498998	0.0641282565130261
