Pos	A	C	G	T
1	0.446	0.026	0.352	0.176
2	0.084	0.006	0.848	0.062
3	0.362	0.182	0.266	0.19
4	0.886	0.024	0.038	0.052
5	0.01	0.954	0.022	0.014
6	0.73	0.036	0.054	0.18
7	0.096	0.218	0.284	0.402
8	0.0	0.0	0.368	0.632
9	0.192	0.352	0.298	0.158
10	0.12	0.09	0.028	0.762
11	0.014	0.026	0.948	0.012
12	0.048	0.028	0.026	0.898
13	0.182	0.218	0.156	0.444
14	0.06	0.838	0.01	0.092
15	0.13	0.354	0.046	0.47
