Pos	A	C	G	T
1	0.47	0.254	0.164	0.112
2	0.488	0.026	0.126	0.36
3	0.092	0.36	0.418	0.13
4	0.11	0.122	0.208	0.56
5	0.388	0.022	0.536	0.054
6	0.068	0.0	0.84	0.092
7	0.128	0.026	0.8	0.046
8	0.1	0.122	0.43	0.348
9	0.056	0.552	0.302	0.09
10	0.898	0.018	0.068	0.016
11	0.574	0.048	0.334	0.044
12	0.79	0.006	0.198	0.006
13	0.072	0.006	0.892	0.03
14	0.068	0.004	0.804	0.124
15	0.052	0.076	0.32	0.552
16	0.12	0.618	0.178	0.084
17	0.754	0.06	0.116	0.07
