Pos	A	C	G	T
1	0.36	0.174	0.31	0.156
2	0.488	0.094	0.208	0.21
3	0.568	0.102	0.138	0.192
4	0.544	0.056	0.154	0.246
5	0.318	0.136	0.478	0.068
6	0.484	0.136	0.348	0.032
7	0.206	0.002	0.788	0.004
8	0.138	0.002	0.858	0.002
9	0.992	0.006	0.002	0.0
10	0.962	0.016	0.006	0.016
11	0.138	0.318	0.522	0.022
12	0.072	0.066	0.0	0.862
13	0.018	0.006	0.966	0.01
14	0.868	0.008	0.106	0.018
15	0.848	0.016	0.122	0.014
16	0.948	0.016	0.014	0.022
17	0.106	0.414	0.466	0.014
18	0.132	0.246	0.058	0.564
19	0.346	0.152	0.324	0.178
20	0.38	0.17	0.3	0.15
