Pos	A	C	G	T
1	0.052	0.52	0.194	0.234
2	0.074	0.53	0.08	0.316
3	0.39	0.044	0.04	0.526
4	0.02	0.064	0.024	0.892
5	0.072	0.022	0.028	0.878
6	0.104	0.314	0.516	0.066
7	0.38	0.036	0.032	0.552
8	0.176	0.25	0.1	0.474
9	0.884	0.02	0.032	0.064
10	0.014	0.002	0.016	0.968
11	0.012	0.008	0.922	0.058
12	0.014	0.76	0.094	0.132
13	0.79	0.02	0.03	0.16
14	0.62	0.06	0.254	0.066
15	0.83	0.036	0.068	0.066
16	0.16	0.138	0.122	0.58
