Pos	A	C	G	T
1	0.346	0.188	0.332	0.134
2	0.436	0.03	0.39	0.144
3	0.13	0.034	0.75	0.086
4	0.124	0.054	0.414	0.408
5	0.108	0.44	0.212	0.24
6	0.024	0.912	0.002	0.062
7	0.954	0.012	0.026	0.008
8	0.804	0.006	0.164	0.026
9	0.88	0.002	0.104	0.014
10	0.002	0.006	0.982	0.01
11	0.022	0.006	0.142	0.83
12	0.014	0.686	0.092	0.208
13	0.008	0.89	0.01	0.092
14	0.74	0.042	0.11	0.108
