Pos	A	C	G	T
1	0.37	0.146	0.394	0.09
2	0.55	0.016	0.374	0.06
3	0.114	0.014	0.84	0.032
4	0.054	0.024	0.762	0.16
5	0.054	0.114	0.184	0.648
6	0.024	0.79	0.08	0.106
7	0.84	0.062	0.034	0.064
8	0.176	0.238	0.228	0.358
9	0.19	0.376	0.182	0.252
10	0.052	0.284	0.07	0.594
11	0.286	0.188	0.442	0.084
12	0.722	0.006	0.256	0.016
13	0.02	0.004	0.968	0.008
14	0.014	0.018	0.928	0.04
15	0.4	0.148	0.08	0.372
16	0.052	0.808	0.052	0.088
17	0.864	0.03	0.056	0.05
