Pos	A	C	G	T
1	0.308	0.07	0.566	0.056
2	0.636	0.194	0.132	0.038
3	0.986	0.0	0.002	0.012
4	0.002	0.99	0.004	0.004
5	1.0	0.0	0.0	0.0
6	0.77	0.094	0.136	0.0
7	0.506	0.014	0.078	0.402
8	0.106	0.062	0.796	0.036
9	0.25	0.256	0.428	0.066
10	0.23	0.298	0.282	0.19
11	0.17	0.338	0.258	0.234
12	0.05	0.522	0.194	0.234
13	0.128	0.608	0.05	0.214
14	0.294	0.288	0.006	0.412
15	0.06	0.056	0.004	0.88
16	0.014	0.044	0.138	0.804
