Pos	A	C	G	T
1	0.538	0.218	0.114	0.13
2	0.572	0.05	0.1	0.278
3	0.114	0.398	0.372	0.116
4	0.13	0.108	0.1	0.662
5	0.472	0.016	0.458	0.054
6	0.104	0.01	0.782	0.104
7	0.092	0.02	0.852	0.036
8	0.078	0.16	0.356	0.406
9	0.108	0.488	0.302	0.102
10	0.912	0.02	0.054	0.014
11	0.646	0.044	0.26	0.05
12	0.84	0.002	0.132	0.026
13	0.078	0.006	0.904	0.012
14	0.062	0.01	0.804	0.124
15	0.038	0.084	0.234	0.644
16	0.088	0.522	0.228	0.162
17	0.734	0.078	0.106	0.082
