Pos	A	C	G	T
1	0.559356136820926	0.0945674044265594	0.209255533199195	0.13682092555332
2	0.227364185110664	0.0643863179074447	0.573440643863179	0.134808853118712
3	0.062374245472837	0.189134808853119	0.696177062374246	0.0523138832997988
4	0.142857142857143	0.0925553319919517	0.0523138832997988	0.712273641851107
5	0.0160965794768612	0.0160965794768612	0.939637826961771	0.028169014084507
6	0.289738430583501	0.370221327967807	0.146881287726358	0.193158953722334
7	0.0462776659959759	0.597585513078471	0.211267605633803	0.144869215291751
8	0.989939637826962	0.00201207243460765	0.00603621730382294	0.00201207243460765
9	0.00804828973843059	0.00804828973843059	0.981891348088531	0.00201207243460765
10	0.730382293762576	0.177062374245473	0.0462776659959759	0.0462776659959759
11	0.0261569416498994	0.945674044265594	0.0100603621730382	0.0181086519114688
12	0.539235412474849	0.0523138832997988	0.100603621730382	0.30784708249497
13	0.128772635814889	0.203219315895372	0.448692152917505	0.219315895372233
