Pos	A	C	G	T
1	0.292	0.138	0.12	0.45
2	0.064	0.188	0.318	0.43
3	0.118	0.222	0.122	0.538
4	0.158	0.548	0.03	0.264
5	0.38	0.044	0.088	0.488
6	0.06	0.346	0.238	0.356
7	0.312	0.142	0.052	0.494
8	0.066	0.268	0.166	0.5
9	0.026	0.084	0.068	0.822
10	0.018	0.104	0.068	0.81
11	0.006	0.036	0.012	0.946
12	0.01	0.93	0.046	0.014
13	0.004	0.904	0.008	0.084
14	0.496	0.06	0.05	0.394
15	0.054	0.234	0.23	0.482
