Pos	A	C	G	T
1	0.47	0.034	0.388	0.108
2	0.076	0.004	0.866	0.054
3	0.38	0.14	0.318	0.162
4	0.896	0.032	0.018	0.054
5	0.006	0.966	0.006	0.022
6	0.706	0.042	0.086	0.166
7	0.064	0.3	0.258	0.378
8	0.0	0.37	0.0	0.63
9	0.194	0.404	0.25	0.152
10	0.114	0.05	0.018	0.818
11	0.01	0.018	0.972	0.0
12	0.088	0.024	0.026	0.862
13	0.168	0.316	0.166	0.35
14	0.08	0.844	0.008	0.068
15	0.11	0.404	0.02	0.466
