Pos	A	C	G	T
1	0.133663366336634	0.282178217821782	0.504950495049505	0.0792079207920792
2	0.128712871287129	0.5	0.188118811881188	0.183168316831683
3	0.148514851485149	0.415841584158416	0.331683168316832	0.103960396039604
4	0.202970297029703	0.0544554455445544	0.257425742574257	0.485148514851485
5	0.198019801980198	0.0445544554455445	0.752475247524752	0.00495049504950495
6	0.158415841584158	0.138613861386139	0.53960396039604	0.163366336633663
7	0.0247524752475247	0.118811881188119	0.623762376237624	0.232673267326733
8	0.0346534653465346	0.876237623762376	0.0594059405940594	0.0297029702970297
9	0.782178217821782	0.0346534653465346	0.163366336633663	0.0198019801980198
10	0.386138613861386	0.113861386138614	0.465346534653465	0.0346534653465346
11	0.0346534653465346	0.732673267326733	0.128712871287129	0.103960396039604
12	0.410891089108911	0.267326732673267	0.277227722772277	0.0445544554455445
13	0.311881188118812	0.0198019801980198	0.618811881188119	0.0495049504950495
14	0.683168316831683	0.0396039603960396	0.163366336633663	0.113861386138614
15	0.0346534653465346	0.163366336633663	0.772277227722772	0.0297029702970297
16	0.0099009900990099	0.782178217821782	0.0445544554455445	0.163366336633663
17	0.217821782178218	0.0346534653465346	0.717821782178218	0.0297029702970297
18	0.321782178217822	0.0297029702970297	0.158415841584158	0.49009900990099
19	0.173267326732673	0.0297029702970297	0.792079207920792	0.00495049504950495
20	0.811881188118812	0.0346534653465346	0.103960396039604	0.0495049504950495
21	0.118811881188119	0.801980198019802	0.0297029702970297	0.0495049504950495
