Pos	A	C	G	T
1	0.231316725978648	0.138790035587189	0.530249110320285	0.099644128113879
2	0.473309608540925	0.0711743772241993	0.309608540925267	0.145907473309609
3	0.224199288256228	0.113879003558719	0.469750889679715	0.192170818505338
4	0.188612099644128	0.149466192170818	0.544483985765125	0.117437722419929
5	0.366548042704626	0.117437722419929	0.384341637010676	0.131672597864769
6	0.135231316725979	0.145907473309609	0.177935943060498	0.540925266903915
7	0.0889679715302491	0.537366548042705	0.238434163701068	0.135231316725979
8	0.519572953736655	0.167259786476868	0.195729537366548	0.117437722419929
9	0.274021352313167	0.135231316725979	0.430604982206406	0.160142348754448
10	0.412811387900356	0.0640569395017794	0.501779359430605	0.0213523131672598
11	0.843416370106762	0.0	0.138790035587189	0.0177935943060498
12	0.0177935943060498	0.0	0.97864768683274	0.00355871886120996
13	0.0177935943060498	0.0142348754448399	0.380782918149466	0.587188612099644
14	0.0106761565836299	0.0498220640569395	0.0213523131672598	0.918149466192171
15	0.0177935943060498	0.96085409252669	0.0142348754448399	0.00711743772241993
16	0.97153024911032	0.0	0.0213523131672598	0.00711743772241993
17	0.811387900355872	0.0142348754448399	0.135231316725979	0.0391459074733096
18	0.0676156583629893	0.0142348754448399	0.914590747330961	0.00355871886120996
19	0.0462633451957295	0.0249110320284698	0.907473309608541	0.0213523131672598
20	0.0889679715302491	0.213523131672598	0.110320284697509	0.587188612099644
21	0.0284697508896797	0.765124555160142	0.0782918149466192	0.128113879003559
22	0.790035587188612	0.0391459074733096	0.0818505338078292	0.0889679715302491
