Pos	A	C	G	T
1	0.404	0.152	0.288	0.156
2	0.544	0.13	0.118	0.208
3	0.216	0.102	0.506	0.176
4	0.06	0.188	0.18	0.572
5	0.046	0.168	0.02	0.766
6	0.048	0.856	0.094	0.002
7	0.886	0.072	0.032	0.01
8	0.96	0.0	0.036	0.004
9	0.024	0.004	0.958	0.014
10	0.002	0.01	0.97	0.018
11	0.048	0.008	0.024	0.92
12	0.01	0.936	0.018	0.036
13	0.904	0.064	0.014	0.018
14	0.162	0.254	0.146	0.438
15	0.236	0.442	0.132	0.19
16	0.104	0.468	0.17	0.258
17	0.248	0.16	0.148	0.444
