Pos	A	C	G	T
1	0.34136546184739	0.0602409638554217	0.570281124497992	0.0281124497991968
2	0.234939759036145	0.0261044176706827	0.680722891566265	0.0582329317269076
3	0.672690763052209	0.00602409638554217	0.301204819277109	0.0200803212851406
4	0.0522088353413655	0.931726907630522	0.0100401606425703	0.00602409638554217
5	0.931726907630522	0.00401606425702811	0.0220883534136546	0.0421686746987952
6	0.244979919678715	0.0240963855421687	0.0301204819277108	0.700803212851406
7	0.0180722891566265	0.0160642570281125	0.953815261044177	0.0120481927710843
8	0.0220883534136546	0.660642570281125	0.0120481927710843	0.305220883534137
9	0.106425702811245	0.783132530120482	0.0220883534136546	0.0883534136546185
10	0.0823293172690763	0.684738955823293	0.0662650602409639	0.166666666666667
11	0.48995983935743	0.0180722891566265	0.451807228915663	0.0401606425702811
12	0.0763052208835342	0.0803212851405623	0.823293172690763	0.0200803212851406
13	0.255020080321285	0.0140562248995984	0.652610441767068	0.0783132530120482
14	0.0140562248995984	0.921686746987952	0.0542168674698795	0.0100401606425703
15	0.775100401606426	0.0662650602409639	0.0200803212851406	0.13855421686747
16	0.305220883534137	0.034136546184739	0.279116465863454	0.381526104417671
17	0.0903614457831325	0.0763052208835342	0.79718875502008	0.036144578313253
18	0.126506024096386	0.502008032128514	0.116465863453815	0.255020080321285
19	0.176706827309237	0.618473895582329	0.0823293172690763	0.122489959839357
20	0.168674698795181	0.56425702811245	0.102409638554217	0.164658634538153
