Pos	A	C	G	T
1	0.392	0.38	0.13	0.098
2	0.388	0.388	0.11	0.114
3	0.606	0.192	0.026	0.176
4	0.67	0.16	0.138	0.032
5	0.724	0.112	0.146	0.018
6	0.02	0.974	0.004	0.002
7	0.0	0.998	0.0	0.002
8	0.912	0.026	0.028	0.034
9	0.052	0.924	0.016	0.008
10	0.906	0.016	0.01	0.068
11	0.304	0.176	0.398	0.122
12	0.464	0.292	0.13	0.114
13	0.256	0.522	0.13	0.092
14	0.436	0.316	0.076	0.172
