Pos	A	C	G	T
1	0.5	0.054	0.376	0.07
2	0.078	0.0	0.818	0.104
3	0.096	0.044	0.794	0.066
4	0.218	0.074	0.158	0.55
5	0.008	0.938	0.028	0.026
6	0.858	0.014	0.052	0.076
7	0.11	0.246	0.476	0.168
8	0.0	0.0	0.562	0.438
9	0.082	0.282	0.562	0.074
10	0.02	0.046	0.006	0.928
11	0.03	0.118	0.85	0.002
12	0.58	0.108	0.07	0.242
13	0.026	0.804	0.072	0.098
14	0.132	0.768	0.006	0.094
15	0.09	0.306	0.046	0.558
