Pos	A	C	G	T
1	0.172	0.348	0.252	0.228
2	0.272	0.424	0.144	0.16
3	0.548	0.19	0.11	0.152
4	0.48	0.082	0.376	0.062
5	0.764	0.004	0.222	0.01
6	0.034	0.0	0.956	0.01
7	0.016	0.006	0.954	0.024
8	0.018	0.062	0.088	0.832
9	0.004	0.908	0.04	0.048
10	0.972	0.002	0.01	0.016
11	0.328	0.156	0.376	0.14
12	0.414	0.146	0.352	0.088
13	0.284	0.108	0.406	0.202
