Pos	A	C	G	T
1	0.362	0.192	0.31	0.136
2	0.408	0.004	0.534	0.054
3	0.03	0.004	0.934	0.032
4	0.434	0.206	0.212	0.148
5	0.932	0.018	0.026	0.024
6	0.0	0.986	0.01	0.004
7	0.848	0.012	0.056	0.084
8	0.118	0.37	0.384	0.128
9	0.622	0.0	0.378	0.0
10	0.27	0.264	0.41	0.056
11	0.074	0.094	0.016	0.816
12	0.012	0.026	0.962	0.0
13	0.054	0.026	0.018	0.902
14	0.142	0.214	0.192	0.452
15	0.026	0.944	0.004	0.026
16	0.062	0.52	0.016	0.402
