Pos	A	C	G	T
1	0.164	0.364	0.314	0.158
2	0.11	0.272	0.168	0.45
3	0.064	0.696	0.06	0.18
4	0.216	0.004	0.014	0.766
5	0.07	0.294	0.554	0.082
6	0.212	0.312	0.106	0.37
7	0.038	0.87	0.008	0.084
8	0.466	0.118	0.022	0.394
9	0.008	0.566	0.332	0.094
10	0.032	0.912	0.014	0.042
11	0.352	0.056	0.004	0.588
12	0.072	0.272	0.494	0.162
