Pos	A	C	G	T
1	0.422	0.08	0.322	0.176
2	0.308	0.056	0.536	0.1
3	0.25	0.21	0.492	0.048
4	0.27	0.214	0.322	0.194
5	0.474	0.45	0.046	0.03
6	0.738	0.006	0.056	0.2
7	0.08	0.366	0.428	0.126
8	0.106	0.024	0.082	0.788
9	0.196	0.002	0.772	0.03
10	0.066	0.012	0.73	0.192
11	0.02	0.05	0.89	0.04
12	0.146	0.142	0.196	0.516
13	0.124	0.67	0.116	0.09
14	0.878	0.04	0.022	0.06
15	0.21	0.194	0.466	0.13
16	0.36	0.118	0.312	0.21
17	0.368	0.13	0.352	0.15
18	0.268	0.086	0.418	0.228
19	0.234	0.176	0.432	0.158
