Pos	A	C	G	T
1	0.0732454167691996	0.373781982056307	0.409498069037611	0.143474531148553
2	0.108913619539396	0.457330196823971	0.267770715428455	0.165985467219848
3	0.067230325369634	0.430254417261889	0.32120990332074	0.181305353059408
4	0.0922054195101431	0.401238582296693	0.375148070908835	0.131407926296
5	0.0528269652389297	0.59494156662252	0.246073823807888	0.106157643342333
6	0.136797920753606	0.340972665362855	0.346154992679979	0.176074420215231
7	0.00697942056601244	0.0086125314410772	0.980075241840119	0.00433280516446154
8	0.00199152856100595	0.106457758180128	0.00201549236345595	0.889535219907081
9	0.0226730694991272	0.187620430300671	0.008439896746564	0.781266602465308
10	0.0317769942692395	0.013636854468179	0.89978332171548	0.0548028285587717
11	0.00228096400113365	0.899151085599365	0.00214353264486569	0.0964244167663057
12	0.0	0.789671132506199	0.0116596807736621	0.198669185731809
13	0.740517643270149	0.061810758640114	0.0968230095453265	0.100848587556082
14	0.162390516967399	0.0649243475928698	0.310800350500318	0.461884783951084
15	0.0467140332869722	0.00387132189861317	0.946893902627027	0.00252074119905792
16	0.0891853968175298	0.0649487019457254	0.825841432917072	0.0200244673313424
17	0.22741782305992	0.406081659835354	0.214402812678037	0.152097703438359
18	0.404739990044826	0.0967448637718407	0.423420675958813	0.0750944692361911
19	0.624203280328166	0.210926374460024	0.125735913317389	0.0391344309060917
20	0.071540625293171	0.714436580207134	0.121719574369145	0.0923032191422196
21	0.147300427232244	0.307378304080329	0.471064534611198	0.0742567330879001
22	0.153023052664966	0.285513728314957	0.499033060442135	0.0624301575896128
