Pos	A	C	G	T
1	0.118	0.488	0.212	0.182
2	0.076	0.436	0.036	0.452
3	0.066	0.022	0.168	0.744
4	0.014	0.008	0.916	0.062
5	0.042	0.032	0.89	0.036
6	0.204	0.68	0.058	0.058
7	0.318	0.254	0.064	0.364
8	0.092	0.414	0.252	0.242
9	0.0	0.602	0.0	0.398
10	0.234	0.4	0.174	0.192
11	0.286	0.09	0.18	0.444
12	0.02	0.088	0.628	0.264
13	0.024	0.858	0.046	0.072
14	0.018	0.962	0.008	0.012
15	0.67	0.244	0.014	0.072
16	0.456	0.07	0.378	0.096
17	0.214	0.222	0.458	0.106
