Pos	A	C	G	T
1	0.284	0.242	0.402	0.072
2	0.312	0.108	0.308	0.272
3	0.346	0.046	0.586	0.022
4	0.3	0.202	0.35	0.148
5	0.004	0.228	0.486	0.282
6	0.078	0.76	0.028	0.134
7	0.752	0.08	0.128	0.04
8	0.164	0.212	0.536	0.088
9	0.024	0.538	0.132	0.306
10	0.172	0.48	0.31	0.038
11	0.58	0.036	0.366	0.018
12	0.524	0.052	0.228	0.196
13	0.004	0.276	0.712	0.008
14	0.014	0.818	0.032	0.136
15	0.274	0.034	0.666	0.026
16	0.124	0.072	0.23	0.574
17	0.246	0.026	0.702	0.026
18	0.664	0.032	0.218	0.086
19	0.222	0.678	0.06	0.04
