Pos	A	C	G	T
1	0.535211267605634	0.0362173038229376	0.356136820925553	0.0724346076458753
2	0.0583501006036217	0.0120724346076459	0.847082494969819	0.0824949698189135
3	0.108651911468813	0.0221327967806841	0.845070422535211	0.0241448692152918
4	0.118712273641851	0.0865191146881288	0.27364185110664	0.52112676056338
5	0.0	0.891348088531187	0.0261569416498994	0.0824949698189135
6	0.690140845070423	0.0301810865191147	0.23943661971831	0.0402414486921529
7	0.187122736418511	0.267605633802817	0.422535211267606	0.122736418511066
8	0.331991951710262	0.0	0.668008048289739	0.0
9	0.130784708249497	0.265593561368209	0.511066398390342	0.0925553319919517
10	0.096579476861167	0.24748490945674	0.03420523138833	0.621730382293763
11	0.132796780684105	0.0523138832997988	0.798792756539236	0.0160965794768612
12	0.557344064386318	0.229376257545272	0.116700201207243	0.096579476861167
13	0.06841046277666	0.859154929577465	0.0261569416498994	0.0462776659959759
14	0.0824949698189135	0.790744466800805	0.0120724346076459	0.114688128772636
15	0.0462776659959759	0.362173038229376	0.096579476861167	0.494969818913481
