Pos	A	C	G	T
1	0.202	0.428	0.12	0.25
2	0.094	0.568	0.17	0.168
3	0.132	0.556	0.11	0.202
4	0.294	0.356	0.204	0.146
5	0.086	0.206	0.1	0.608
6	0.002	0.016	0.004	0.978
7	0.008	0.006	0.012	0.974
8	0.03	0.964	0.002	0.004
9	0.038	0.822	0.002	0.138
10	0.234	0.304	0.142	0.32
11	0.268	0.026	0.682	0.024
12	0.032	0.014	0.804	0.15
13	0.944	0.038	0.01	0.008
14	0.988	0.002	0.004	0.006
15	0.58	0.106	0.232	0.082
16	0.274	0.196	0.11	0.42
17	0.058	0.588	0.248	0.106
18	0.342	0.262	0.068	0.328
19	0.134	0.534	0.138	0.194
