Pos	A	C	G	T
1	0.04	0.334	0.236	0.39
2	0.018	0.532	0.122	0.328
3	0.006	0.804	0.008	0.182
4	0.106	0.03	0.01	0.854
5	0.004	0.016	0.036	0.944
6	0.002	0.012	0.026	0.96
7	0.022	0.092	0.848	0.038
8	0.012	0.02	0.014	0.954
9	0.014	0.334	0.12	0.532
10	0.028	0.574	0.088	0.31
11	0.056	0.362	0.162	0.42
12	0.12	0.38	0.206	0.294
