Pos	A	C	G	T
1	0.140625	0.03125	0.484375	0.34375
2	0.015625	0.046875	0.8203125	0.1171875
3	0.09375	0.734375	0.1328125	0.0390625
4	0.5	0.34375	0.0234375	0.1328125
5	0.03125	0.1640625	0.0078125	0.796875
6	0.0390625	0.234375	0.375	0.3515625
7	0.0390625	0.7890625	0.078125	0.09375
8	0.0703125	0.1484375	0.0078125	0.7734375
9	0.0078125	0.015625	0.9375	0.0390625
10	0.0078125	0.0	0.9375	0.0546875
11	0.0703125	0.0234375	0.8828125	0.0234375
12	0.8359375	0.03125	0.0859375	0.046875
13	0.3828125	0.125	0.390625	0.1015625
14	0.265625	0.09375	0.1171875	0.5234375
15	0.046875	0.1015625	0.03125	0.8203125
16	0.0	0.0	0.9453125	0.0546875
17	0.03125	0.0234375	0.09375	0.8515625
18	0.8671875	0.03125	0.078125	0.0234375
19	0.015625	0.0078125	0.96875	0.0078125
20	0.0078125	0.0078125	0.0703125	0.9140625
21	0.0390625	0.40625	0.0390625	0.515625
22	0.0390625	0.546875	0.0625	0.3515625
