Pos	A	C	G	T
1	0.108108108108108	0.393120393120393	0.321867321867322	0.176904176904177
2	0.464373464373464	0.0614250614250614	0.257985257985258	0.216216216216216
3	0.117936117936118	0.179361179361179	0.412776412776413	0.28992628992629
4	0.00491400491400491	0.027027027027027	0.0491400491400492	0.918918918918919
5	0.0196560196560197	0.00245700245700246	0.0147420147420147	0.963144963144963
6	0.0491400491400492	0.906633906633907	0.027027027027027	0.0171990171990172
7	0.186732186732187	0.199017199017199	0.0319410319410319	0.582309582309582
8	0.0737100737100737	0.366093366093366	0.30958230958231	0.250614250614251
9	0.388206388206388	0.0614250614250614	0.218673218673219	0.331695331695332
10	0.211302211302211	0.00982800982800983	0.656019656019656	0.122850122850123
11	0.0712530712530713	0.00737100737100737	0.872235872235872	0.0491400491400492
12	0.960687960687961	0.00491400491400491	0.0171990171990172	0.0171990171990172
13	0.941031941031941	0.00737100737100737	0.0294840294840295	0.0221130221130221
14	0.407862407862408	0.15970515970516	0.348894348894349	0.0835380835380835
