Pos	A	C	G	T
1	0.056	0.225	0.044	0.675
2	0.015	0.003	0.001	0.981
3	0.957	0.001	0.041	0.001
4	0.001	0.001	0.001	0.997
5	0.001	0.997	0.001	0.001
6	0.304	0.006	0.015	0.675
7	0.082	0.368	0.433	0.117
8	0.202	0.295	0.193	0.31
9	0.187	0.269	0.336	0.208
10	0.193	0.345	0.287	0.175
11	0.219	0.313	0.272	0.196
12	0.208	0.404	0.249	0.14
13	0.254	0.327	0.199	0.219
14	0.263	0.348	0.357	0.032
15	0.009	0.989	0.001	0.001
16	0.951	0.001	0.001	0.047
17	0.003	0.12	0.842	0.035
18	0.251	0.45	0.251	0.047
19	0.219	0.374	0.085	0.322
20	0.184	0.19	0.433	0.193
