Pos	A	C	G	T
1	0.214574898785425	0.202429149797571	0.439271255060729	0.143724696356275
2	0.214574898785425	0.115384615384615	0.315789473684211	0.354251012145749
3	0.12753036437247	0.186234817813765	0.572874493927126	0.11336032388664
4	0.329959514170041	0.109311740890688	0.334008097165992	0.226720647773279
5	0.491902834008097	0.0526315789473684	0.321862348178138	0.133603238866397
6	0.190283400809717	0.00809716599190284	0.700404858299595	0.101214574898785
7	0.0566801619433198	0.297570850202429	0.601214574898785	0.0445344129554656
8	0.048582995951417	0.00809716599190284	0.00809716599190284	0.935222672064777
9	0.00202429149797571	0.00202429149797571	0.967611336032389	0.0283400809716599
10	0.147773279352227	0.125506072874494	0.121457489878543	0.605263157894737
11	0.0425101214574899	0.163967611336032	0.61336032388664	0.180161943319838
12	0.601214574898785	0.0182186234817814	0.317813765182186	0.062753036437247
13	0.376518218623482	0.190283400809717	0.259109311740891	0.174089068825911
