Pos	A	C	G	T
1	0.132	0.372	0.292	0.204
2	0.104	0.188	0.106	0.602
3	0.11	0.148	0.1	0.642
4	0.066	0.112	0.054	0.768
5	0.16	0.544	0.114	0.182
6	0.704	0.016	0.176	0.104
7	0.012	0.214	0.686	0.088
8	0.002	0.004	0.0	0.994
9	0.0	0.014	0.0	0.986
10	0.002	0.02	0.006	0.972
11	0.004	0.916	0.002	0.078
12	0.394	0.14	0.228	0.238
13	0.222	0.13	0.168	0.48
14	0.022	0.018	0.016	0.944
15	0.004	0.004	0.004	0.988
16	0.022	0.37	0.004	0.604
17	0.056	0.636	0.01	0.298
18	0.066	0.45	0.134	0.35
19	0.128	0.342	0.11	0.42
