Pos	A	C	G	T
1	0.406	0.264	0.17	0.16
2	0.206	0.124	0.202	0.468
3	0.108	0.234	0.376	0.282
4	0.142	0.428	0.192	0.238
5	0.19	0.514	0.14	0.156
6	0.492	0.022	0.062	0.424
7	0.148	0.006	0.844	0.002
8	0.028	0.018	0.934	0.02
9	0.868	0.07	0.018	0.044
10	0.956	0.01	0.018	0.016
11	0.02	0.006	0.01	0.964
12	0.01	0.056	0.65	0.284
13	0.064	0.398	0.018	0.52
