Pos	A	C	G	T
1	0.209	0.287	0.276	0.228
2	0.239	0.195	0.379	0.188
3	0.429	0.226	0.283	0.062
4	0.047	0.025	0.02	0.908
5	0.016	0.028	0.825	0.131
6	0.75	0.026	0.105	0.119
7	0.057	0.569	0.177	0.197
8	0.206	0.144	0.58	0.07
9	0.095	0.105	0.044	0.756
10	0.132	0.798	0.042	0.028
11	0.89	0.025	0.029	0.056
12	0.073	0.28	0.215	0.432
