Pos	A	C	G	T
1	0.073253040255083	0.0673966529211284	0.787237474918943	0.0721128326662171
2	0.042723068613061	0.744559690073244	0.194546482914597	0.0181707591604694
3	0.035735096256471	0.790669826724494	0.148773799057047	0.0248212787233595
4	0.163418445326512	0.684686216392449	0.129016845910721	0.0228784931316893
5	0.212564267038065	0.112036885456987	0.499919625184533	0.175479223081787
6	0.197940058188768	0.342914101664258	0.340378080061224	0.118767760847122
7	0.464502081902391	0.175816552713367	0.246488820108399	0.113192546037214
8	0.192758660381791	0.229427476684017	0.393559063057311	0.184254800638252
9	0.0697068450536529	0.531651208570552	0.236597995793891	0.162043951343275
10	0.206833862851006	0.503825522476081	0.186159757814524	0.10318085761976
11	0.564460833926624	0.0493872267376537	0.361170961505023	0.0249809785920699
12	0.56906157277128	0.208889507627046	0.18258805878202	0.0394608615810258
13	0.114199149846792	0.300469784747494	0.526106662241062	0.0592244039260233
14	0.577216192653839	0.177025407246689	0.227059202549111	0.0186991983117325
15	0.0784261568732014	0.14038742857605	0.182132859864128	0.599053555447992
16	0.0143073880329543	0.0411779355641162	0.908761039257956	0.0357536379063455
17	0.0136805493476569	0.0547175629549148	0.915061861056646	0.0165400274021539
18	0.117911543470957	0.736087994698735	0.0794662026791194	0.0665342599125602
19	0.0867240184611032	0.178284586556927	0.583629171380378	0.151362224362964
20	0.0763648493111998	0.186719642922525	0.675128956476095	0.0617865520515512
21	0.0569344276792741	0.74202531666517	0.139591490265297	0.0614487661516312
22	0.0910801926082054	0.324041417362685	0.446317372914631	0.138561017875849
