Pos	A	C	G	T
1	0.112224448897796	0.0761523046092185	0.0380761523046092	0.773547094188377
2	0.206412825651303	0.144288577154309	0.094188376753507	0.555110220440882
3	0.304609218436874	0.0340681362725451	0.102204408817635	0.559118236472946
4	0.198396793587174	0.118236472945892	0.635270541082164	0.0480961923847695
5	0.152304609218437	0.751503006012024	0.0581162324649299	0.0380761523046092
6	0.879759519038076	0.0380761523046092	0.0100200400801603	0.0721442885771543
7	0.17434869739479	0.0661322645290581	0.0781563126252505	0.681362725450902
8	0.3687374749499	0.156312625250501	0.248496993987976	0.226452905811623
9	0.869739478957916	0.0240480961923848	0.00200400801603206	0.104208416833667
10	0.0240480961923848	0.745490981963928	0.152304609218437	0.0781563126252505
11	0.979959919839679	0.00400801603206413	0.00200400801603206	0.0140280561122245
12	0.965931863727455	0.0100200400801603	0.0220440881763527	0.00200400801603206
13	0.541082164328657	0.00801603206412826	0.0120240480961924	0.438877755511022
14	0.38877755511022	0.0160320641282565	0.545090180360722	0.0501002004008016
15	0.238476953907816	0.142284569138277	0.56312625250501	0.0561122244488978
16	0.452905811623247	0.292585170340681	0.18436873747495	0.0701402805611223
