Pos	A	C	G	T
1	0.3687374749499	0.12625250501002	0.290581162324649	0.214428857715431
2	0.276553106212425	0.0961923847695391	0.48496993987976	0.142284569138277
3	0.030060120240481	0.264529058116233	0.615230460921844	0.0901803607214429
4	0.0641282565130261	0.104208416833667	0.0220440881763527	0.809619238476954
5	0.0280561122244489	0.0120240480961924	0.955911823647295	0.00400801603206413
6	0.236472945891784	0.362725450901804	0.13627254509018	0.264529058116233
7	0.0440881763527054	0.0120240480961924	0.0601202404809619	0.88376753507014
8	0.0280561122244489	0.00601202404809619	0.961923847695391	0.00400801603206413
9	0.929859719438878	0.0420841683366734	0.0260521042084168	0.00200400801603206
10	0.12625250501002	0.783567134268537	0.0701402805611223	0.0200400801603206
11	0.935871743486974	0.00200400801603206	0.0180360721442886	0.0440881763527054
12	0.140280561122245	0.0200400801603206	0.745490981963928	0.094188376753507
13	0.108216432865731	0.336673346693387	0.460921843687375	0.094188376753507
14	0.294589178356713	0.238476953907816	0.134268537074148	0.332665330661323
