Pos	A	C	G	T
1	0.225	0.277	0.206	0.292
2	0.271	0.206	0.219	0.304
3	0.221	0.218	0.348	0.213
4	0.218	0.39	0.164	0.228
5	0.12	0.234	0.061	0.585
6	0.032	0.207	0.052	0.709
7	0.027	0.058	0.031	0.884
8	0.017	0.888	0.023	0.072
9	0.025	0.648	0.012	0.315
10	0.623	0.009	0.025	0.343
11	0.116	0.013	0.842	0.029
12	0.065	0.033	0.867	0.035
13	0.788	0.048	0.136	0.028
14	0.867	0.041	0.053	0.039
15	0.412	0.175	0.222	0.19
