Pos	A	C	G	T
1	0.169	0.217	0.134	0.481
2	0.598	0.014	0.351	0.037
3	0.017	0.012	0.963	0.008
4	0.922	0.038	0.021	0.019
5	0.871	0.027	0.051	0.051
6	0.219	0.303	0.242	0.237
7	0.225	0.235	0.345	0.194
8	0.038	0.046	0.021	0.895
9	0.017	0.011	0.033	0.939
10	0.001	0.997	0.001	0.001
11	0.008	0.301	0.007	0.684
12	0.694	0.01	0.27	0.026
13	0.025	0.022	0.921	0.032
14	0.869	0.042	0.063	0.026
15	0.777	0.061	0.091	0.071
