Pos	A	C	G	T
1	0.173	0.416	0.246	0.165
2	0.226	0.275	0.229	0.27
3	0.288	0.299	0.259	0.154
4	0.105	0.32	0.268	0.307
5	0.334	0.114	0.416	0.136
6	0.06	0.326	0.554	0.06
7	0.052	0.562	0.052	0.334
8	0.037	0.005	0.827	0.131
9	0.023	0.96	0.013	0.004
10	0.001	0.997	0.001	0.001
11	0.245	0.67	0.027	0.058
12	0.001	0.689	0.001	0.309
13	0.001	0.997	0.001	0.001
14	0.05	0.043	0.017	0.89
15	0.253	0.073	0.525	0.149
16	0.004	0.418	0.546	0.032
17	0.172	0.15	0.055	0.623
18	0.001	0.001	0.997	0.001
19	0.019	0.063	0.865	0.053
20	0.192	0.432	0.15	0.226
