Pos	A	C	G	T
1	0.27	0.002	0.112	0.616
2	0.007	0.007	0.861	0.126
3	0.006	0.984	0.009	0.001
4	0.008	0.99	0.001	0.001
5	0.977	0.001	0.001	0.021
6	0.905	0.001	0.093	0.001
7	0.587	0.047	0.26	0.107
8	0.458	0.063	0.354	0.125
9	0.137	0.357	0.017	0.49
10	0.745	0.218	0.001	0.035
11	0.877	0.121	0.001	0.001
12	0.945	0.001	0.031	0.024
13	0.004	0.732	0.008	0.256
14	0.924	0.001	0.001	0.075
15	0.299	0.166	0.286	0.248
16	0.35	0.193	0.184	0.273
