Pos	A	C	G	T
1	0.051	0.01	0.033	0.905
2	0.003	0.005	0.991	0.001
3	0.015	0.93	0.001	0.054
4	0.935	0.008	0.001	0.056
5	0.203	0.064	0.707	0.026
6	0.023	0.023	0.018	0.936
7	0.244	0.041	0.165	0.55
8	0.049	0.905	0.013	0.033
9	0.09	0.738	0.005	0.167
10	0.373	0.329	0.136	0.162
11	0.38	0.254	0.26	0.105
12	0.303	0.314	0.208	0.175
13	0.398	0.149	0.152	0.301
14	0.293	0.157	0.378	0.172
15	0.051	0.319	0.044	0.586
16	0.275	0.057	0.517	0.152
17	0.244	0.041	0.638	0.077
18	0.041	0.951	0.003	0.005
19	0.001	0.995	0.001	0.003
20	0.928	0.003	0.015	0.054
