Pos	A	C	G	T
1	0.156	0.338	0.294	0.212
2	0.2	0.355	0.281	0.164
3	0.096	0.242	0.229	0.433
4	0.089	0.199	0.176	0.536
5	0.138	0.691	0.127	0.044
6	0.107	0.274	0.099	0.52
7	0.474	0.015	0.51	0.001
8	0.004	0.014	0.981	0.001
9	0.88	0.085	0.013	0.022
10	0.891	0.012	0.081	0.016
11	0.138	0.284	0.342	0.236
12	0.212	0.346	0.305	0.137
13	0.018	0.11	0.005	0.867
14	0.019	0.014	0.067	0.9
15	0.001	0.993	0.001	0.005
16	0.005	0.486	0.02	0.489
17	0.513	0.108	0.28	0.096
18	0.042	0.136	0.69	0.132
19	0.55	0.175	0.17	0.105
20	0.416	0.243	0.24	0.101
