Pos	A	C	G	T
1	0.276	0.034	0.137	0.553
2	0.103	0.069	0.759	0.069
3	0.794	0.068	0.001	0.137
4	0.103	0.001	0.034	0.862
5	0.034	0.001	0.034	0.931
6	0.069	0.069	0.241	0.621
7	0.965	0.033	0.001	0.001
8	0.001	0.171	0.034	0.794
9	0.172	0.001	0.586	0.241
10	0.277	0.103	0.586	0.034
11	0.034	0.552	0.207	0.207
12	0.104	0.517	0.104	0.275
