Pos	A	C	G	T
1	0.363	0.217	0.237	0.183
2	0.502	0.121	0.251	0.126
3	0.683	0.055	0.165	0.097
4	0.672	0.03	0.143	0.155
5	0.005	0.831	0.161	0.003
6	0.203	0.383	0.006	0.409
7	0.253	0.009	0.417	0.321
8	0.02	0.004	0.975	0.001
9	0.268	0.248	0.032	0.453
10	0.308	0.271	0.05	0.37
11	0.409	0.122	0.171	0.298
12	0.509	0.021	0.256	0.214
13	0.588	0.011	0.221	0.18
14	0.001	0.997	0.001	0.001
15	0.327	0.408	0.011	0.255
16	0.35	0.002	0.446	0.202
17	0.001	0.082	0.916	0.001
18	0.123	0.13	0.009	0.738
19	0.083	0.149	0.031	0.737
20	0.114	0.244	0.114	0.528
