Pos	A	C	G	T
1	0.447	0.221	0.181	0.151
2	0.037	0.34	0.236	0.386
3	0.499	0.061	0.33	0.11
4	0.033	0.377	0.528	0.061
5	0.023	0.378	0.005	0.593
6	0.061	0.005	0.887	0.047
7	0.079	0.905	0.005	0.01
8	0.002	0.994	0.001	0.003
9	0.501	0.475	0.007	0.016
10	0.002	0.527	0.004	0.467
11	0.003	0.995	0.001	0.001
12	0.03	0.036	0.004	0.93
13	0.382	0.042	0.446	0.13
14	0.02	0.273	0.686	0.021
15	0.047	0.039	0.014	0.9
16	0.002	0.001	0.995	0.002
17	0.04	0.034	0.873	0.053
18	0.161	0.527	0.061	0.25
19	0.277	0.428	0.117	0.178
20	0.541	0.092	0.267	0.1
