Pos	A	C	G	T
1	0.275	0.099	0.079	0.547
2	0.04	0.02	0.897	0.043
3	0.087	0.815	0.014	0.084
4	0.973	0.005	0.015	0.007
5	0.912	0.001	0.02	0.067
6	0.42	0.112	0.356	0.112
7	0.015	0.528	0.03	0.427
8	0.114	0.015	0.796	0.075
9	0.001	0.919	0.001	0.079
10	0.001	0.001	0.997	0.001
11	0.001	0.997	0.001	0.001
12	0.001	0.131	0.01	0.858
13	0.001	0.988	0.002	0.009
14	0.005	0.564	0.017	0.414
15	0.767	0.012	0.191	0.03
