Pos	A	C	G	T
1	0.778	0.001	0.001	0.22
2	0.001	0.001	0.997	0.001
3	0.997	0.001	0.001	0.001
4	0.001	0.001	0.001	0.997
5	0.001	0.347	0.419	0.233
6	0.186	0.108	0.269	0.438
7	0.24	0.305	0.245	0.21
8	0.342	0.126	0.257	0.275
9	0.336	0.203	0.27	0.191
10	0.311	0.312	0.179	0.198
11	0.312	0.125	0.287	0.276
12	0.054	0.502	0.42	0.024
13	0.683	0.001	0.001	0.315
14	0.001	0.001	0.997	0.001
15	0.997	0.001	0.001	0.001
16	0.001	0.001	0.001	0.997
17	0.689	0.001	0.077	0.233
18	0.498	0.024	0.334	0.143
19	0.174	0.299	0.341	0.186
20	0.33	0.221	0.209	0.239
