Pos	A	C	G	T
1	0.161	0.362	0.306	0.17
2	0.322	0.22	0.293	0.165
3	0.061	0.421	0.169	0.349
4	0.001	0.022	0.001	0.976
5	0.001	0.001	0.159	0.839
6	0.162	0.806	0.012	0.021
7	0.001	0.809	0.001	0.189
8	0.298	0.21	0.205	0.287
9	0.207	0.001	0.791	0.001
10	0.02	0.004	0.821	0.155
11	0.842	0.156	0.001	0.001
12	0.976	0.001	0.018	0.005
13	0.331	0.178	0.424	0.066
14	0.163	0.32	0.215	0.302
