Pos	A	C	G	T
1	0.117	0.1	0.129	0.654
2	0.317	0.016	0.598	0.069
3	0.102	0.002	0.788	0.108
4	0.129	0.017	0.827	0.027
5	0.137	0.135	0.495	0.233
6	0.075	0.69	0.165	0.07
7	0.952	0.02	0.015	0.014
8	0.668	0.038	0.267	0.027
9	0.88	0.002	0.112	0.006
10	0.057	0.001	0.916	0.026
11	0.035	0.009	0.847	0.109
12	0.039	0.106	0.245	0.61
13	0.062	0.718	0.128	0.092
14	0.813	0.06	0.043	0.084
