Pos	A	C	G	T
1	0.353	0.257	0.221	0.168
2	0.664	0.016	0.268	0.052
3	0.06	0.001	0.801	0.138
4	0.028	0.004	0.95	0.018
5	0.057	0.033	0.154	0.755
6	0.001	0.928	0.031	0.04
7	0.934	0.007	0.026	0.033
8	0.144	0.421	0.262	0.173
9	0.219	0.308	0.251	0.222
10	0.166	0.283	0.387	0.164
11	0.037	0.015	0.007	0.941
12	0.042	0.024	0.933	0.001
13	0.729	0.164	0.038	0.069
14	0.022	0.934	0.005	0.04
15	0.158	0.763	0.001	0.078
