Pos	A	C	G	T
1	0.002	0.234	0.462	0.302
2	0.037	0.89	0.001	0.073
3	0.856	0.025	0.073	0.046
4	0.089	0.202	0.605	0.104
5	0.002	0.569	0.127	0.302
6	0.116	0.598	0.262	0.024
7	0.71	0.012	0.264	0.013
8	0.509	0.033	0.194	0.264
9	0.002	0.271	0.727	0.001
10	0.001	0.883	0.015	0.101
11	0.453	0.033	0.466	0.048
12	0.03	0.022	0.114	0.834
13	0.159	0.011	0.827	0.003
14	0.664	0.081	0.188	0.067
15	0.244	0.7	0.038	0.017
16	0.227	0.364	0.17	0.239
