Pos	A	C	G	T
1	0.232	0.373	0.231	0.163
2	0.619	0.006	0.262	0.113
3	0.058	0.005	0.924	0.013
4	0.433	0.12	0.287	0.16
5	0.957	0.008	0.015	0.02
6	0.002	0.963	0.008	0.027
7	0.767	0.019	0.135	0.079
8	0.123	0.231	0.249	0.397
9	0.259	0.179	0.165	0.397
10	0.21	0.403	0.228	0.16
11	0.101	0.044	0.009	0.846
12	0.006	0.015	0.972	0.007
13	0.021	0.026	0.018	0.935
14	0.179	0.288	0.131	0.401
15	0.041	0.865	0.014	0.08
