Pos	A	C	G	T
1	0.125	0.234	0.387	0.254
2	0.048	0.004	0.943	0.005
3	0.005	0.041	0.021	0.933
4	0.043	0.204	0.01	0.743
5	0.132	0.063	0.649	0.156
6	0.002	0.912	0.003	0.083
7	0.001	0.879	0.001	0.119
8	0.808	0.071	0.055	0.066
9	0.063	0.052	0.075	0.81
10	0.114	0.001	0.884	0.001
11	0.079	0.004	0.916	0.001
12	0.159	0.654	0.062	0.125
13	0.75	0.011	0.202	0.037
14	0.935	0.019	0.041	0.005
15	0.006	0.942	0.003	0.049
