Pos	A	C	G	T
1	0.256	0.246	0.236	0.261
2	0.09	0.206	0.101	0.603
3	0.025	0.07	0.001	0.904
4	0.372	0.352	0.196	0.08
5	0.417	0.055	0.367	0.161
6	0.015	0.959	0.025	0.001
7	0.845	0.03	0.07	0.055
8	0.09	0.502	0.292	0.116
9	0.231	0.342	0.196	0.231
10	0.206	0.226	0.221	0.347
11	0.337	0.241	0.221	0.201
12	0.276	0.221	0.332	0.171
13	0.075	0.337	0.482	0.105
14	0.055	0.085	0.001	0.859
15	0.01	0.02	0.969	0.001
16	0.146	0.347	0.065	0.442
17	0.08	0.166	0.402	0.352
18	0.869	0.001	0.11	0.02
19	0.573	0.086	0.251	0.09
20	0.326	0.221	0.196	0.256
21	0.231	0.211	0.156	0.402
