Pos	A	C	G	T
1	0.129	0.001	0.771	0.099
2	0.055	0.012	0.786	0.147
3	0.031	0.139	0.259	0.571
4	0.069	0.667	0.118	0.146
5	0.723	0.091	0.077	0.109
6	0.212	0.226	0.219	0.343
7	0.179	0.377	0.214	0.23
8	0.059	0.29	0.084	0.567
9	0.288	0.199	0.449	0.064
10	0.693	0.001	0.291	0.015
11	0.001	0.001	0.997	0.001
12	0.006	0.002	0.957	0.035
13	0.338	0.171	0.104	0.387
14	0.063	0.738	0.105	0.094
15	0.812	0.043	0.053	0.092
