Pos	A	C	G	T
1	0.423	0.001	0.568	0.008
2	0.02	0.001	0.931	0.048
3	0.008	0.001	0.918	0.073
4	0.001	0.02	0.001	0.978
5	0.084	0.322	0.028	0.566
6	0.959	0.001	0.016	0.024
7	0.044	0.752	0.024	0.181
8	0.044	0.191	0.044	0.722
9	0.406	0.219	0.159	0.216
10	0.215	0.274	0.272	0.239
11	0.706	0.127	0.147	0.02
12	0.052	0.001	0.927	0.02
13	0.016	0.008	0.825	0.151
14	0.044	0.072	0.155	0.73
15	0.001	0.938	0.001	0.06
16	0.932	0.008	0.048	0.012
