Pos	A	C	G	T
1	0.685317460317461	0.0357936507936507	0.161825396825396	0.117063492063492
2	0.0265873015873015	0.153095238095238	0.0942063492063489	0.726111111111113
3	0.149285714285714	0.0549999999999999	0.775793650793652	0.0199206349206349
4	0.184682539682539	0.0603968253968252	0.00198412698412698	0.752936507936509
5	0.55484126984127	0.437857142857142	0.0053174603174603	0.00198412698412698
6	0.968174603174603	0.0245238095238095	0.0053174603174603	0.00198412698412698
7	0.970158730158731	0.0185714285714285	0.00730158730158728	0.00396825396825396
8	0.0453174603174602	0.886904761904763	0.0053174603174603	0.0624603174603173
9	0.980714285714285	0.00198412698412698	0.00865079365079363	0.00865079365079363
10	0.310238095238094	0.557698412698413	0.0324603174603174	0.0996031746031743
11	0.67357142857143	0.0616666666666665	0.119603174603174	0.14515873015873
12	0.167301587301587	0.593650793650794	0.152698412698412	0.0863492063492061
13	0.186666666666666	0.537142857142857	0.199206349206349	0.0769841269841268
