Pos	A	C	G	T
1	0.09	0.564	0.152	0.194
2	0.133	0.217	0.437	0.213
3	0.034	0.004	0.951	0.011
4	0.012	0.035	0.028	0.924
5	0.052	0.172	0.018	0.758
6	0.123	0.062	0.693	0.122
7	0.003	0.905	0.005	0.087
8	0.001	0.874	0.002	0.123
9	0.79	0.076	0.05	0.084
10	0.084	0.05	0.085	0.782
11	0.107	0.002	0.891	0.001
12	0.089	0.005	0.901	0.004
13	0.119	0.693	0.061	0.127
14	0.738	0.018	0.19	0.054
15	0.916	0.025	0.044	0.015
16	0.011	0.94	0.006	0.043
