Pos	A	C	G	T
1	0.265	0.25	0.347	0.138
2	0.537	0.072	0.338	0.053
3	0.056	0.001	0.89	0.053
4	0.023	0.013	0.836	0.128
5	0.066	0.152	0.16	0.621
6	0.008	0.863	0.076	0.054
7	0.872	0.035	0.066	0.027
8	0.255	0.26	0.223	0.262
9	0.024	0.041	0.028	0.906
10	0.057	0.079	0.86	0.005
11	0.622	0.167	0.151	0.06
12	0.127	0.835	0.013	0.025
13	0.073	0.862	0.001	0.064
14	0.041	0.36	0.067	0.531
