Pos	A	C	G	T
1	0.113	0.473	0.201	0.213
2	0.067	0.426	0.038	0.47
3	0.056	0.003	0.158	0.783
4	0.001	0.001	0.995	0.003
5	0.019	0.004	0.964	0.014
6	0.164	0.782	0.043	0.011
7	0.506	0.186	0.033	0.275
8	0.179	0.356	0.257	0.208
9	0.262	0.222	0.211	0.304
10	0.18	0.271	0.352	0.197
11	0.264	0.029	0.194	0.513
12	0.008	0.053	0.784	0.155
13	0.016	0.96	0.005	0.019
14	0.005	0.993	0.001	0.001
15	0.784	0.155	0.003	0.058
16	0.442	0.064	0.421	0.073
