Pos	A	C	G	T
1	0.354166666666667	0.145833333333333	0.1875	0.3125
2	0.296296296296296	0.12962962962963	0.277777777777778	0.296296296296296
3	0.46551724137931	0.120689655172414	0.379310344827586	0.0344827586206897
4	0.223880597014925	0.253731343283582	0.149253731343284	0.373134328358209
5	0.0	0.986666666666667	0.0133333333333333	0.0
6	0.884615384615385	0.0256410256410256	0.0384615384615385	0.0512820512820513
7	0.0123456790123457	0.641975308641975	0.160493827160494	0.185185185185185
8	0.185185185185185	0.160493827160494	0.641975308641975	0.0123456790123457
9	0.0512820512820513	0.0384615384615385	0.0256410256410256	0.884615384615385
10	0.0	0.0133333333333333	0.986666666666667	0.0
11	0.373134328358209	0.149253731343284	0.253731343283582	0.223880597014925
12	0.0344827586206897	0.379310344827586	0.120689655172414	0.46551724137931
13	0.296296296296296	0.277777777777778	0.12962962962963	0.296296296296296
14	0.3125	0.1875	0.145833333333333	0.354166666666667
