Pos	A	C	G	T
1	0.33	0.24	0.16	0.27
2	0.262626262626263	0.101010101010101	0.414141414141414	0.222222222222222
3	0.202020202020202	0.0909090909090909	0.575757575757576	0.131313131313131
4	0.11	0.05	0.68	0.16
5	0.0909090909090909	0.0505050505050505	0.808080808080808	0.0505050505050505
6	0.36	0.23	0.3	0.11
7	0.25	0.67	0.03	0.05
8	0.14	0.12	0.67	0.07
9	0.0	1.0	0.0	0.0
10	1.0	0.0	0.0	0.0
11	0.0198019801980198	0.0891089108910891	0.871287128712871	0.0198019801980198
12	0.0	0.919191919191919	0.0505050505050505	0.0303030303030303
13	0.0	0.0	0.0	1.0
14	0.0	0.0	1.0	0.0
15	0.17	0.64	0.14	0.05
16	0.0	0.0396039603960396	0.712871287128713	0.247524752475248
17	0.2	0.3	0.29	0.21
18	0.02	0.91	0.02	0.05
19	0.161616161616162	0.787878787878788	0.0	0.0505050505050505
20	0.22	0.52	0.07	0.19
21	0.272727272727273	0.313131313131313	0.121212121212121	0.292929292929293
22	0.24	0.27	0.16	0.33
