Pos	A	C	G	T
1	0.166666666666667	0.222222222222222	0.333333333333333	0.277777777777778
2	0.388888888888889	0.277777777777778	0.277777777777778	0.0555555555555556
3	0.333333333333333	0.166666666666667	0.166666666666667	0.333333333333333
4	0.166666666666667	0.388888888888889	0.277777777777778	0.166666666666667
5	0.333333333333333	0.111111111111111	0.222222222222222	0.333333333333333
6	0.0555555555555556	0.722222222222222	0.0555555555555556	0.166666666666667
7	0.0	1.0	0.0	0.0
8	0.944444444444444	0.0555555555555556	0.0	0.0
9	0.0	0.0	0.111111111111111	0.888888888888889
10	0.277777777777778	0.166666666666667	0.166666666666667	0.388888888888889
11	0.0555555555555556	0.111111111111111	0.111111111111111	0.722222222222222
12	0.333333333333333	0.111111111111111	0.0555555555555556	0.5
13	0.166666666666667	0.222222222222222	0.277777777777778	0.333333333333333
14	0.222222222222222	0.222222222222222	0.333333333333333	0.222222222222222
15	0.333333333333333	0.222222222222222	0.333333333333333	0.111111111111111
16	0.5	0.111111111111111	0.111111111111111	0.277777777777778
17	0.166666666666667	0.333333333333333	0.277777777777778	0.222222222222222
