Pos	A	C	G	T
1	0.16	0.24	0.36	0.24
2	0.296296296296296	0.148148148148148	0.481481481481481	0.0740740740740741
3	0.241379310344828	0.275862068965517	0.206896551724138	0.275862068965517
4	0.0967741935483871	0.419354838709677	0.161290322580645	0.32258064516129
5	0.0333333333333333	0.366666666666667	0.466666666666667	0.133333333333333
6	0.266666666666667	0.4	0.133333333333333	0.2
7	0.25	0.15625	0.34375	0.25
8	0.0789473684210526	0.605263157894737	0.131578947368421	0.184210526315789
9	0.658536585365854	0.170731707317073	0.170731707317073	0.0
10	0.0930232558139535	0.767441860465116	0.0697674418604651	0.0697674418604651
11	0.0697674418604651	0.162790697674419	0.697674418604651	0.0697674418604651
12	0.116279069767442	0.790697674418605	0.0930232558139535	0.0
13	0.488372093023256	0.13953488372093	0.116279069767442	0.255813953488372
14	0.0	0.13953488372093	0.0232558139534884	0.837209302325581
15	0.0	0.325581395348837	0.674418604651163	0.0
16	0.851063829787234	0.0638297872340425	0.0851063829787234	0.0
17	0.27906976744186	0.581395348837209	0.0697674418604651	0.0697674418604651
18	0.0	0.380952380952381	0.357142857142857	0.261904761904762
19	0.238095238095238	0.238095238095238	0.380952380952381	0.142857142857143
20	0.114285714285714	0.742857142857143	0.114285714285714	0.0285714285714286
21	0.269230769230769	0.307692307692308	0.269230769230769	0.153846153846154
