Pos	A	C	G	T
1	0.3	0.1	0.3	0.3
2	0.285714285714286	0.285714285714286	0.0952380952380952	0.333333333333333
3	0.48	0.04	0.24	0.24
4	0.193548387096774	0.193548387096774	0.193548387096774	0.419354838709677
5	0.363636363636364	0.0606060606060606	0.363636363636364	0.212121212121212
6	0.375	0.175	0.175	0.275
7	0.285714285714286	0.142857142857143	0.19047619047619	0.380952380952381
8	0.260869565217391	0.152173913043478	0.0869565217391304	0.5
9	0.872340425531915	0.0638297872340425	0.0425531914893617	0.0212765957446809
10	0.0	0.0851063829787234	0.0851063829787234	0.829787234042553
11	0.0638297872340425	0.0212765957446809	0.723404255319149	0.191489361702128
12	0.127659574468085	0.574468085106383	0.0851063829787234	0.212765957446809
13	0.765957446808511	0.0638297872340425	0.0	0.170212765957447
14	0.638297872340426	0.0	0.0851063829787234	0.276595744680851
15	0.936170212765957	0.0212765957446809	0.0425531914893617	0.0
16	0.232558139534884	0.0232558139534884	0.0697674418604651	0.674418604651163
17	0.261904761904762	0.166666666666667	0.142857142857143	0.428571428571429
18	0.342105263157895	0.236842105263158	0.105263157894737	0.315789473684211
19	0.444444444444444	0.138888888888889	0.138888888888889	0.277777777777778
20	0.419354838709677	0.0967741935483871	0.129032258064516	0.354838709677419
21	0.333333333333333	0.296296296296296	0.148148148148148	0.222222222222222
22	0.153846153846154	0.269230769230769	0.423076923076923	0.153846153846154
23	0.545454545454545	0.0454545454545455	0.136363636363636	0.272727272727273
