Pos	A	C	G	T
1	0.416666666666667	0.166666666666667	0.166666666666667	0.25
2	0.222222222222222	0.333333333333333	0.259259259259259	0.185185185185185
3	0.387096774193548	0.193548387096774	0.225806451612903	0.193548387096774
4	0.375	0.09375	0.4375	0.09375
5	0.0625	0.0	0.90625	0.03125
6	0.15625	0.0625	0.53125	0.25
7	0.09375	0.25	0.3125	0.34375
8	0.03125	0.71875	0.03125	0.21875
9	0.84375	0.03125	0.09375	0.03125
10	0.90625	0.0	0.09375	0.0
11	0.8125	0.0	0.15625	0.03125
12	0.09375	0.0	0.875	0.03125
13	0.09375	0.03125	0.5	0.375
14	0.0625	0.1875	0.1875	0.5625
15	0.0	0.75	0.03125	0.21875
16	0.6875	0.125	0.125	0.0625
17	0.3	0.3	0.2	0.2
18	0.233333333333333	0.166666666666667	0.433333333333333	0.166666666666667
19	0.333333333333333	0.125	0.25	0.291666666666667
