Pos	A	C	G	T
1	0.156812339331922	0.372750642673814	0.390745501284805	0.0796915167094602
2	0.0411311053984671	0.118251928020905	0.046272493573263	0.794344473007365
3	0.904884318766081	0.0	0.00514138817481046	0.0899742930591081
4	0.00771208226220985	0.0257069408739995	0.0051413881748099	0.961439588688981
5	0.910025706940909	0.0	0.0128534704369987	0.0771208226220923
6	0.688946015424	0.0	0.0	0.311053984576
7	0.925449871465268	0.00771208226221224	0.0514138817481149	0.0154241645244045
8	0.570694087403538	0.00514138817480584	0.113110539845908	0.311053984575748
9	0.39845758354788	0.113110539845966	0.403598971721879	0.0848329048842745
10	0.143958868895	0.347043701799	0.385604113111	0.123393316195
11	0.213367609254107	0.377892030848189	0.329048843188164	0.0796915167095398
12	0.210796915167	0.3264781491	0.329048843188	0.133676092545
13	0.210796915166789	0.303341902313697	0.329048843187671	0.156812339331843
14	0.174807197943175	0.275064267352275	0.357326478149357	0.192802056555193
15	0.197943444729802	0.25964010282774	0.35989717223664	0.182519280205817
